143,141,136,0,0,0,0,0,35,20,118080
143,141,136,0,0,0,0,0,35,20,119280
143,141,136,0,0,0,0,0,35,20,120480
143,141,136,0,0,0,0,0,35,20,121680
143,141,136,0,0,0,0,0,35,20,122880
143,141,136,0,0,0,0,0,35,20,124180
143,142,136,0,0,0,0,0,35,20,125280
143,141,136,0,0,0,0,0,35,20,126480
143,142,136,0,0,0,0,0,35,20,127680
143,141,136,0,0,0,0,0,35,20,128880
143,142,136,0,0,0,0,0,35,20,130080
143,141,136,0,0,0,0,0,35,20,131485
143,142,136,0,0,0,0,0,35,20,132485
143,141,136,0,0,0,0,0,35,20,133685
143,141,136,0,0,0,0,0,35,20,134885
143,141,136,0,0,0,0,0,35,21,136290
143,142,134,0,0,0,0,0,35,21,137495
142,142,134,0,0,0,0,0,35,20,138510
175,13,118,0,0,0,0,0,03,00,139060
177,13,115,0,0,0,0,0,03,00,139060
177,13,115,0,0,0,0,0,03,00,139060
177,13,113,0,0,0,0,0,03,00,139060
177,13,112,0,0,0,0,0,03,00,139060
177,13,111,0,0,0,0,0,03,00,139060
177,13,109,0,0,0,0,0,03,00,139060
177,13,108,0,0,0,0,0,03,00,139060
178,13,107,0,0,0,0,0,03,00,139060
178,13,106,0,0,0,0,0,03,00,139060
177,13,105,0,0,0,0,0,03,00,139060
178,13,104,0,0,0,0,0,03,00,139060
178,13,103,0,0,0,0,0,03,00,139060
178,13,103,0,0,0,0,0,03,00,139060
178,13,101,0,0,0,0,0,03,00,139060
178,13,101,0,0,0,0,0,03,00,139060
145,141,133,0,0,0,0,0,35,21,139685
144,141,135,0,0,0,0,0,35,21,140935
144,141,136,0,0,0,0,0,35,21,142055
143,141,137,0,0,0,0,0,35,20,143255
143,141,136,0,0,0,0,0,35,20,144455
143,142,136,0,0,0,0,0,35,20,145660
144,142,137,0,0,0,0,0,35,20,146860
143,141,136,0,0,0,0,0,35,20,148060
143,142,136,0,0,0,0,0,35,20,149260
143,142,136,0,0,0,0,0,35,21,150670
143,141,136,0,0,0,0,0,35,20,151670
144,141,137,0,0,0,0,0,35,20,152870
143,141,136,0,0,0,0,0,35,20,154070
144,141,135,0,0,0,0,0,35,20,155270
143,141,134,0,0,0,0,0,35,20,156490
175,13,118,0,0,0,0,0,03,00,157305
177,13,116,0,0,0,0,0,03,00,157305
177,13,115,0,0,0,0,0,03,00,157305
177,13,113,0,0,0,0,0,03,00,157305
177,13,112,0,0,0,0,0,03,00,157305
177,13,110,0,0,0,0,0,03,00,157305
177,13,109,0,0,0,0,0,03,00,157305
177,13,108,0,0,0,0,0,03,00,157305
178,13,107,0,0,0,0,0,03,00,157305
178,13,106,0,0,0,0,0,03,00,157305
178,13,104,0,0,0,0,0,03,00,157305
178,13,103,0,0,0,0,0,03,00,157305
178,13,102,0,0,0,0,0,03,00,157305
178,13,102,0,0,0,0,0,03,00,157305
178,13,101,0,0,0,0,0,03,00,157305
178,13,100,0,0,0,0,0,03,00,157305
178,13,99,0,0,0,0,0,03,00,157305
178,13,98,0,0,0,0,0,03,00,157305
178,13,97,0,0,0,0,0,03,00,157305
178,13,97,0,0,0,0,0,03,00,157305
178,13,96,0,0,0,0,0,03,00,157305
178,13,95,0,0,0,0,0,03,00,157305
178,13,95,0,0,0,0,0,03,00,157305
178,13,93,0,0,0,0,0,03,00,157305
178,13,93,0,0,0,0,0,03,00,157305
178,13,92,0,0,0,0,0,03,00,157305
178,13,92,0,0,0,0,0,03,00,157305
178,13,91,0,0,0,0,0,03,00,157305
178,13,90,0,0,0,0,0,03,00,157305
178,13,90,0,0,0,0,0,03,00,157305
178,13,89,0,0,0,0,0,03,00,157305
151,130,135,0,0,0,0,0,35,21,157445
145,130,137,0,0,0,0,0,35,20,158660
144,130,138,0,0,0,0,0,35,20,159860
144,130,139,0,0,0,0,0,35,20,161060
145,130,139,0,0,0,0,0,35,20,162260
144,141,136,0,0,0,0,0,35,19,163455
143,141,136,0,0,0,0,0,35,20,164855
144,141,136,0,0,0,0,0,35,20,165855
143,141,136,0,0,0,0,0,35,20,167055
144,141,136,0,0,0,0,0,35,20,168255
143,141,136,0,0,0,0,0,35,20,169460
144,141,136,0,0,0,0,0,35,20,170665
143,141,136,0,0,0,0,0,35,20,171865
143,141,136,0,0,0,0,0,35,20,173065
144,141,137,0,0,0,0,0,35,20,174265
144,141,136,0,0,0,0,0,35,20,175465
143,141,136,0,0,0,0,0,35,20,176665
143,141,136,0,0,0,0,0,35,20,177870
143,141,137,0,0,0,0,0,35,20,179070
144,141,136,0,0,0,0,0,35,20,180270
144,141,137,0,0,0,0,0,35,20,181470
144,141,137,0,0,0,0,0,35,20,182670
143,141,136,0,0,0,0,0,35,20,183870
143,141,137,0,0,0,0,0,35,20,185070
143,141,137,0,0,0,0,0,35,20,186470
143,141,136,0,0,0,0,0,35,20,187470
143,141,136,0,0,0,0,0,35,20,188675
144,141,137,0,0,0,0,0,35,20,189875
143,141,136,0,0,0,0,0,35,20,191275
143,141,136,0,0,0,0,0,35,20,192275
143,141,137,0,0,0,0,0,35,20,193475
144,141,137,0,0,0,0,0,35,20,194675
143,141,136,0,0,0,0,0,35,20,195875
143,141,136,0,0,0,0,0,35,20,197075
144,141,137,0,0,0,0,0,35,20,198275
143,141,137,0,0,0,0,0,35,20,199675
144,141,137,0,0,0,0,0,35,20,200680
143,141,137,0,0,0,0,0,35,20,201880
143,141,137,0,0,0,0,0,35,20,203080
143,141,137,0,0,0,0,0,35,20,204280
143,141,136,0,0,0,0,0,35,20,205480
144,141,136,0,0,0,0,0,35,20,206680
144,141,137,0,0,0,0,0,35,20,207880
143,141,136,0,0,0,0,0,35,20,209080
144,141,137,0,0,0,0,0,35,20,210280
143,141,135,0,0,0,0,0,35,20,211485
143,141,134,0,0,0,0,0,35,21,212695
176,13,118,0,0,0,0,0,03,00,213045
177,13,116,0,0,0,0,0,03,00,213045
177,13,115,0,0,0,0,0,03,00,213045
177,13,114,0,0,0,0,0,03,00,213045
177,13,112,0,0,0,0,0,03,00,213045
178,13,111,0,0,0,0,0,03,00,213045
177,13,109,0,0,0,0,0,03,00,213045
178,13,108,0,0,0,0,0,03,00,213045
178,13,107,0,0,0,0,0,03,00,213045
178,13,106,0,0,0,0,0,03,00,213045
178,13,105,0,0,0,0,0,03,00,213045
178,13,104,0,0,0,0,0,03,00,213045
144,142,134,0,0,0,0,0,35,21,214080
144,142,136,0,0,0,0,0,35,20,215205
144,142,136,0,0,0,0,0,35,20,216410
143,141,137,0,0,0,0,0,35,20,217610
143,142,136,0,0,0,0,0,35,20,218810
143,141,137,0,0,0,0,0,35,20,220010
144,142,136,0,0,0,0,0,35,20,221215
143,141,136,0,0,0,0,0,35,20,222415
143,142,136,0,0,0,0,0,35,20,223615
144,141,137,0,0,0,0,0,35,20,224815
144,141,137,0,0,0,0,0,35,20,226015
143,141,136,0,0,0,0,0,35,20,227215
144,142,136,0,0,0,0,0,35,20,228415
144,142,137,0,0,0,0,0,35,20,229615
143,142,136,0,0,0,0,0,35,20,230815
144,141,137,0,0,0,0,0,35,20,232015
143,141,136,0,0,0,0,0,35,20,233215
143,141,136,0,0,0,0,0,35,20,234415
143,141,137,0,0,0,0,0,35,20,235615
143,141,136,0,0,0,0,0,35,20,236815
143,142,137,0,0,0,0,0,35,20,238015
143,141,137,0,0,0,0,0,35,20,239215
143,141,137,0,0,0,0,0,35,20,240415
143,142,137,0,0,0,0,0,35,20,241620
143,141,137,0,0,0,0,0,35,20,242820
143,141,136,0,0,0,0,0,35,20,244020
143,141,136,0,0,0,0,0,35,20,245220
143,141,136,0,0,0,0,0,35,20,246420
143,142,137,0,0,0,0,0,35,20,247620
143,142,137,0,0,0,0,0,35,20,248820
143,141,136,0,0,0,0,0,35,20,250020
144,142,137,0,0,0,0,0,35,20,251220
144,142,137,0,0,0,0,0,35,20,252420
143,142,137,0,0,0,0,0,35,20,253620
143,141,137,0,0,0,0,0,35,20,254820
144,142,136,0,0,0,0,0,35,20,256020
143,142,136,0,0,0,0,0,35,20,257220
143,141,136,0,0,0,0,0,35,20,258420
143,142,137,0,0,0,0,0,35,20,259620
144,142,136,0,0,0,0,0,35,20,260820
143,142,136,0,0,0,0,0,35,20,262020
143,141,136,0,0,0,0,0,35,20,263220
143,142,136,0,0,0,0,0,35,20,264420
143,142,137,0,0,0,0,0,35,20,265620
144,141,137,0,0,0,0,0,35,20,266820
143,142,137,0,0,0,0,0,35,20,268020
142,142,136,0,0,0,0,0,35,20,269220
143,141,137,0,0,0,0,0,35,20,270420
143,141,136,0,0,0,0,0,35,20,271620
144,141,137,0,0,0,0,0,35,20,272825
143,141,137,0,0,0,0,0,35,20,274025
144,142,137,0,0,0,0,0,35,20,275425
143,142,137,0,0,0,0,0,35,20,276425
144,142,137,0,0,0,0,0,35,20,277625
143,142,136,0,0,0,0,0,35,20,278825
143,141,136,0,0,0,0,0,35,20,280025
143,142,137,0,0,0,0,0,35,20,281225
143,141,136,0,0,0,0,0,35,20,282425
143,141,137,0,0,0,0,0,35,20,283625
143,141,137,0,0,0,0,0,35,20,284825
143,141,137,0,0,0,0,0,35,20,286025
143,141,136,0,0,0,0,0,35,20,287225
143,142,136,0,0,0,0,0,35,20,288425
143,142,137,0,0,0,0,0,35,20,289625
143,141,136,0,0,0,0,0,35,20,290825
143,142,137,0,0,0,0,0,35,20,292025
143,141,136,0,0,0,0,0,35,20,293225
143,142,136,0,0,0,0,0,35,20,294425
143,141,136,0,0,0,0,0,35,20,295625
144,141,137,0,0,0,0,0,35,20,296825
144,142,136,0,0,0,0,0,35,20,298030
143,142,137,0,0,0,0,0,35,20,299230
143,142,136,0,0,0,0,0,35,20,300430
143,141,136,0,0,0,0,0,35,20,301630
144,142,136,0,0,0,0,0,35,20,302830
143,142,136,0,0,0,0,0,35,20,304030
144,142,137,0,0,0,0,0,35,20,305430
144,142,136,0,0,0,0,0,35,20,306430
143,142,136,0,0,0,0,0,35,20,307630
143,141,136,0,0,0,0,0,35,20,308830
143,142,137,0,0,0,0,0,35,20,310030
143,141,137,0,0,0,0,0,35,20,311230
143,141,137,0,0,0,0,0,35,20,312430
143,142,137,0,0,0,0,0,35,20,313630
143,142,136,0,0,0,0,0,35,20,314830
143,141,136,0,0,0,0,0,35,20,316030
144,142,136,0,0,0,0,0,35,20,317430
143,142,137,0,0,0,0,0,35,20,318430
143,141,136,0,0,0,0,0,35,20,319630
143,141,137,0,0,0,0,0,35,20,320830
143,141,136,0,0,0,0,0,35,20,322030
143,142,136,0,0,0,0,0,35,20,323230
143,142,136,0,0,0,0,0,35,20,324430
143,141,136,0,0,0,0,0,35,20,325635
144,142,136,0,0,0,0,0,35,20,326835
143,142,137,0,0,0,0,0,35,20,328035
143,141,136,0,0,0,0,0,35,20,329235
143,141,137,0,0,0,0,0,35,20,330435
143,141,136,0,0,0,0,0,35,20,331635
143,142,136,0,0,0,0,0,35,20,332835
143,142,136,0,0,0,0,0,35,21,334040
143,142,136,0,0,0,0,0,35,20,335240
143,141,136,0,0,0,0,0,35,20,336440
143,142,137,0,0,0,0,0,35,20,337640
143,142,136,0,0,0,0,0,35,20,338840
143,142,136,0,0,0,0,0,35,20,340040
143,141,136,0,0,0,0,0,35,20,341240
143,141,136,0,0,0,0,0,35,20,342440
143,142,137,0,0,0,0,0,35,20,343640
143,142,136,0,0,0,0,0,35,20,344840
143,141,136,0,0,0,0,0,35,20,346040
143,141,136,0,0,0,0,0,35,20,347245
143,141,136,0,0,0,0,0,35,20,348445
143,141,136,0,0,0,0,0,35,20,349645
142,142,136,0,0,0,0,0,35,20,350845
143,141,136,0,0,0,0,0,35,20,352045
143,141,136,0,0,0,0,0,35,20,353250
143,141,134,0,0,0,0,0,35,20,354460
142,142,133,0,0,0,0,0,35,20,355680
176,13,118,0,0,0,0,0,03,00,355765
177,13,116,0,0,0,0,0,03,00,355765
177,13,115,0,0,0,0,0,03,00,355765
177,13,114,0,0,0,0,0,03,00,355765
177,13,112,0,0,0,0,0,03,00,355765
177,13,111,0,0,0,0,0,03,00,355765
177,13,110,0,0,0,0,0,03,00,355765
177,13,109,0,0,0,0,0,03,00,355765
177,13,108,0,0,0,0,0,03,00,355765
178,13,107,0,0,0,0,0,03,00,355765
177,13,106,0,0,0,0,0,03,00,355765
178,13,105,0,0,0,0,0,03,00,355765
177,13,105,0,0,0,0,0,03,00,355765
178,13,104,0,0,0,0,0,03,00,355765
177,13,103,0,0,0,0,0,03,00,355765
178,13,102,0,0,0,0,0,03,00,355765
178,13,102,0,0,0,0,0,03,00,355765
178,13,101,0,0,0,0,0,03,00,355765
144,142,133,0,0,0,0,0,35,21,356775
143,142,135,0,0,0,0,0,35,21,357915
143,142,135,0,0,0,0,0,35,20,359125
144,142,136,0,0,0,0,0,35,20,360330
143,142,136,0,0,0,0,0,35,20,361535
144,142,136,0,0,0,0,0,35,20,362735
143,142,136,0,0,0,0,0,35,20,363935
143,142,136,0,0,0,0,0,35,20,365135
143,142,136,0,0,0,0,0,35,20,366340
143,142,136,0,0,0,0,0,35,20,367540
143,142,136,0,0,0,0,0,35,20,368740
143,142,136,0,0,0,0,0,35,20,369940
143,142,136,0,0,0,0,0,35,20,371140
143,142,136,0,0,0,0,0,35,20,372340
143,142,136,0,0,0,0,0,35,20,373540
143,142,136,0,0,0,0,0,35,20,374740
143,142,136,0,0,0,0,0,35,20,375940
143,142,136,0,0,0,0,0,35,20,377140
143,142,136,0,0,0,0,0,35,20,378345
143,142,136,0,0,0,0,0,35,20,379545
143,142,136,0,0,0,0,0,35,20,380745
143,142,136,0,0,0,0,0,35,20,381945
143,142,136,0,0,0,0,0,35,20,383145
143,142,136,0,0,0,0,0,35,20,384245
143,142,136,0,0,0,0,0,35,20,385445
143,142,136,0,0,0,0,0,35,20,386645
143,142,136,0,0,0,0,0,35,20,387845
143,142,136,0,0,0,0,0,35,20,389045
143,142,136,0,0,0,0,0,35,20,390345
143,142,136,0,0,0,0,0,35,20,391545
143,142,136,0,0,0,0,0,35,20,392745
143,142,136,0,0,0,0,0,35,20,393945
143,142,136,0,0,0,0,0,35,20,395145
143,142,136,0,0,0,0,0,35,20,396345
143,142,136,0,0,0,0,0,35,20,397545
143,142,136,0,0,0,0,0,35,20,398745
143,142,136,0,0,0,0,0,35,20,399945
143,142,136,0,0,0,0,0,35,20,401045
143,142,136,0,0,0,0,0,35,20,402245
143,142,136,0,0,0,0,0,35,20,403450
176,13,120,0,0,0,0,0,03,00,403925
177,13,118,0,0,0,0,0,03,00,403925
177,13,117,0,0,0,0,0,03,00,403925
177,13,116,0,0,0,0,0,03,00,403925
177,13,114,0,0,0,0,0,03,00,403925
177,13,113,0,0,0,0,0,03,00,403925
177,13,112,0,0,0,0,0,03,00,403925
177,13,110,0,0,0,0,0,03,00,403925
177,13,109,0,0,0,0,0,03,00,403925
177,13,108,0,0,0,0,0,03,00,403925
177,13,107,0,0,0,0,0,03,00,403925
178,13,107,0,0,0,0,0,03,00,403925
177,13,106,0,0,0,0,0,03,00,403925
178,13,105,0,0,0,0,0,03,00,403925
177,13,104,0,0,0,0,0,03,00,403925
178,13,103,0,0,0,0,0,03,00,403925
178,13,102,0,0,0,0,0,03,00,403925
145,130,136,0,0,0,0,0,35,20,404875
144,130,137,0,0,0,0,0,35,20,406075
144,130,137,0,0,0,0,0,35,20,407275
144,130,138,0,0,0,0,0,35,20,408475
144,130,137,0,0,0,0,0,35,20,409675
143,141,135,0,0,0,0,0,35,20,410770
143,141,135,0,0,0,0,0,35,20,411970
143,141,136,0,0,0,0,0,35,20,413170
143,141,135,0,0,0,0,0,35,20,414370
143,141,135,0,0,0,0,0,35,20,415570
143,141,136,0,0,0,0,0,35,20,416770
143,141,135,0,0,0,0,0,35,20,417970
143,141,135,0,0,0,0,0,35,20,419170
143,141,135,0,0,0,0,0,35,20,420370
143,141,136,0,0,0,0,0,35,20,421570
143,141,135,0,0,0,0,0,35,20,422775
143,141,136,0,0,0,0,0,35,20,423980
143,141,136,0,0,0,0,0,35,20,425180
143,141,135,0,0,0,0,0,35,20,426380
143,141,136,0,0,0,0,0,35,20,427580
143,141,135,0,0,0,0,0,35,20,428780
143,141,135,0,0,0,0,0,35,20,429980
143,141,135,0,0,0,0,0,35,20,431185
143,141,135,0,0,0,0,0,35,20,432385
143,141,136,0,0,0,0,0,35,20,433590
143,141,135,0,0,0,0,0,35,20,434795
142,141,135,0,0,0,0,0,35,20,435995
143,141,136,0,0,0,0,0,35,21,437200
143,141,135,0,0,0,0,0,35,20,438400
143,141,135,0,0,0,0,0,35,20,439600
143,141,135,0,0,0,0,0,35,20,440800
143,141,135,0,0,0,0,0,35,20,442000
143,141,135,0,0,0,0,0,35,20,443200
143,141,135,0,0,0,0,0,35,20,444400
143,141,135,0,0,0,0,0,35,20,445600
143,141,135,0,0,0,0,0,35,20,446805
143,141,135,0,0,0,0,0,35,20,448005
143,141,135,0,0,0,0,0,35,20,449205
143,141,136,0,0,0,0,0,35,20,450405
143,141,136,0,0,0,0,0,35,20,451605
143,141,135,0,0,0,0,0,35,20,452805
142,141,134,0,0,0,0,0,35,20,454015
142,141,133,0,0,0,0,0,35,21,455345
176,13,118,0,0,0,0,0,03,00,455575
177,13,117,0,0,0,0,0,03,00,455575
177,13,115,0,0,0,0,0,03,00,455575
177,13,114,0,0,0,0,0,03,00,455575
177,13,112,0,0,0,0,0,03,00,455575
177,13,111,0,0,0,0,0,03,00,455575
177,13,110,0,0,0,0,0,03,00,455575
177,13,109,0,0,0,0,0,03,00,455575
177,13,108,0,0,0,0,0,03,00,455575
177,13,107,0,0,0,0,0,03,00,455575
177,13,106,0,0,0,0,0,03,00,455575
178,13,105,0,0,0,0,0,03,00,455575
178,13,104,0,0,0,0,0,03,00,455575
178,13,103,0,0,0,0,0,03,00,455575
177,13,103,0,0,0,0,0,03,00,455575
178,13,102,0,0,0,0,0,03,00,455575
145,130,138,0,0,0,0,0,35,20,456515
144,130,139,0,0,0,0,0,35,20,457620
144,141,137,0,0,0,0,0,35,20,458815
144,141,136,0,0,0,0,0,35,20,460015
144,141,136,0,0,0,0,0,35,20,461215
144,141,137,0,0,0,0,0,35,20,462415
144,141,136,0,0,0,0,0,35,20,463615
143,141,136,0,0,0,0,0,35,20,464815
143,141,136,0,0,0,0,0,35,20,466015
143,141,135,0,0,0,0,0,35,20,467215
143,141,135,0,0,0,0,0,35,20,468415
143,141,135,0,0,0,0,0,35,20,469620
143,141,135,0,0,0,0,0,35,20,470820
143,141,135,0,0,0,0,0,35,20,472020
143,141,135,0,0,0,0,0,35,20,473225
143,141,134,0,0,0,0,0,35,20,474435
143,141,134,0,0,0,0,0,35,20,475655
143,141,134,0,0,0,0,0,35,21,476865
143,141,134,0,0,0,0,0,35,20,478070
143,141,134,0,0,0,0,0,35,21,479285
142,141,135,0,0,0,0,0,35,20,480495
143,141,135,0,0,0,0,0,35,20,481700
143,141,135,0,0,0,0,0,35,20,482905
143,141,135,0,0,0,0,0,35,20,484105
143,141,135,0,0,0,0,0,35,20,485310
143,141,134,0,0,0,0,0,35,20,486510
143,141,134,0,0,0,0,0,35,20,487715
143,141,135,0,0,0,0,0,35,20,488915
143,141,135,0,0,0,0,0,35,20,490115
143,141,135,0,0,0,0,0,35,20,491315
143,141,135,0,0,0,0,0,35,20,492515
143,141,135,0,0,0,0,0,35,20,493715
142,141,135,0,0,0,0,0,35,20,494915
142,141,135,0,0,0,0,0,35,20,496115
142,141,135,0,0,0,0,0,35,20,497320
142,141,134,0,0,0,0,0,35,20,498535
143,141,134,0,0,0,0,0,35,21,499760
142,141,134,0,0,0,0,0,35,20,500985
143,141,134,0,0,0,0,0,35,21,502220
142,141,133,0,0,0,0,0,35,20,503450
142,141,133,0,0,0,0,0,35,21,504680
143,141,134,0,0,0,0,0,35,20,505905
143,141,133,0,0,0,0,0,35,20,507135
143,141,134,0,0,0,0,0,35,21,508370
142,141,133,0,0,0,0,0,35,20,509600
143,141,133,0,0,0,0,0,35,21,510835
142,141,133,0,0,0,0,0,35,20,512070
143,141,134,0,0,0,0,0,35,21,513310
143,141,133,0,0,0,0,0,35,20,514545
143,141,133,0,0,0,0,0,35,21,515775
142,141,133,0,0,0,0,0,35,20,517005
142,141,134,0,0,0,0,0,35,21,518240
143,141,133,0,0,0,0,0,35,21,519475
143,141,133,0,0,0,0,0,35,21,520720
143,141,133,0,0,0,0,0,35,21,521945
142,141,133,0,0,0,0,0,35,20,523175
143,141,133,0,0,0,0,0,35,20,524405
143,141,133,0,0,0,0,0,35,20,525635
142,141,133,0,0,0,0,0,35,20,526865
143,141,133,0,0,0,0,0,35,21,528105
143,141,133,0,0,0,0,0,35,20,529335
143,141,133,0,0,0,0,0,35,21,530560
143,141,133,0,0,0,0,0,35,20,531785
143,141,133,0,0,0,0,0,35,21,533020
143,141,133,0,0,0,0,0,35,21,534255
143,141,133,0,0,0,0,0,35,21,535485
142,141,133,0,0,0,0,0,35,20,536920
143,141,133,0,0,0,0,0,35,20,537930
143,141,133,0,0,0,0,0,35,21,539165
143,141,133,0,0,0,0,0,35,20,540390
143,141,133,0,0,0,0,0,35,20,541620
143,141,132,0,0,0,0,0,35,20,542850
142,141,131,0,0,0,0,0,35,21,544105
175,13,115,0,0,0,0,0,03,00,544840
177,13,113,0,0,0,0,0,03,00,544840
177,13,112,0,0,0,0,0,03,00,544840
177,13,111,0,0,0,0,0,03,00,544840
177,13,111,0,0,0,0,0,03,00,544840
178,13,110,0,0,0,0,0,03,00,544840
178,13,109,0,0,0,0,0,03,00,544840
177,13,109,0,0,0,0,0,03,00,544840
178,13,108,0,0,0,0,0,03,00,544840
178,13,108,0,0,0,0,0,03,00,544840
178,13,108,0,0,0,0,0,03,00,544840
145,143,130,0,0,0,0,0,35,21,545250
144,143,132,0,0,0,0,0,35,21,546510
143,143,133,0,0,0,0,0,35,21,547760
143,143,133,0,0,0,0,0,35,21,549010
143,143,133,0,0,0,0,0,35,20,550235
143,143,133,0,0,0,0,0,35,21,551485
143,143,133,0,0,0,0,0,35,20,552720
143,143,133,0,0,0,0,0,35,20,553955
143,143,133,0,0,0,0,0,35,20,555190
143,143,133,0,0,0,0,0,35,21,556440
143,143,133,0,0,0,0,0,35,20,557680
143,143,133,0,0,0,0,0,35,21,559115
143,143,133,0,0,0,0,0,35,21,560140
143,143,133,0,0,0,0,0,35,20,561370
143,143,133,0,0,0,0,0,35,20,562600
143,143,133,0,0,0,0,0,35,20,563840
143,143,133,0,0,0,0,0,35,20,565070
143,143,133,0,0,0,0,0,35,21,566510
143,143,133,0,0,0,0,0,35,21,567525
143,143,133,0,0,0,0,0,35,21,568760
142,143,133,0,0,0,0,0,35,20,569990
142,143,133,0,0,0,0,0,35,20,571435
143,143,133,0,0,0,0,0,35,20,572475
143,143,133,0,0,0,0,0,35,20,573705
143,143,133,0,0,0,0,0,35,20,574945
143,143,133,0,0,0,0,0,35,20,576385
143,143,133,0,0,0,0,0,35,21,577415
143,143,133,0,0,0,0,0,35,21,578650
142,143,133,0,0,0,0,0,35,20,580095
143,143,133,0,0,0,0,0,35,20,581125
143,143,133,0,0,0,0,0,35,21,582365
143,143,133,0,0,0,0,0,35,21,583810
143,143,133,0,0,0,0,0,35,20,584840
142,143,133,0,0,0,0,0,35,21,586075
142,143,133,0,0,0,0,0,35,21,587315
142,143,133,0,0,0,0,0,35,21,588560
143,143,133,0,0,0,0,0,35,21,589800
143,143,133,0,0,0,0,0,35,21,591035
143,143,133,0,0,0,0,0,35,20,592275
143,143,133,0,0,0,0,0,35,21,593505
143,143,133,0,0,0,0,0,35,21,594735
143,143,133,0,0,0,0,0,35,21,595970
143,143,133,0,0,0,0,0,35,21,597415
142,143,133,0,0,0,0,0,35,21,598455
142,143,133,0,0,0,0,0,35,20,599690
142,143,133,0,0,0,0,0,35,21,600915
143,143,133,0,0,0,0,0,35,20,602145
142,143,133,0,0,0,0,0,35,21,603385
143,143,133,0,0,0,0,0,35,20,604610
143,143,133,0,0,0,0,0,35,21,605860
143,143,133,0,0,0,0,0,35,20,607090
143,143,133,0,0,0,0,0,35,20,608315
143,143,133,0,0,0,0,0,35,20,609555
143,143,133,0,0,0,0,0,35,21,610785
143,143,133,0,0,0,0,0,35,21,612030
143,143,133,0,0,0,0,0,35,20,613270
142,143,133,0,0,0,0,0,35,21,614505
142,143,131,0,0,0,0,0,35,21,615755
141,142,131,0,0,0,0,0,35,21,617015
176,13,114,0,0,0,0,0,03,00,617410
177,13,113,0,0,0,0,0,03,00,617410
177,13,113,0,0,0,0,0,03,00,617410
144,130,132,0,0,0,0,0,35,21,618190
176,13,113,0,0,0,0,0,03,00,618725
177,13,112,0,0,0,0,0,03,00,618725
177,13,111,0,0,0,0,0,03,00,618725
177,13,111,0,0,0,0,0,03,00,618725
177,13,110,0,0,0,0,0,03,00,618725
178,13,110,0,0,0,0,0,03,00,618725
178,13,110,0,0,0,0,0,03,00,618725
178,13,110,0,0,0,0,0,03,00,618725
178,13,111,0,0,0,0,0,03,00,618725
178,13,111,0,0,0,0,0,03,00,618725
144,130,134,0,0,0,0,0,35,21,619585
144,130,136,0,0,0,0,0,35,20,620810
143,130,136,0,0,0,0,0,35,20,622020
144,130,136,0,0,0,0,0,35,20,623220
144,130,136,0,0,0,0,0,35,20,624425
144,130,136,0,0,0,0,0,35,20,625625
143,130,136,0,0,0,0,0,35,20,626825
144,130,136,0,0,0,0,0,35,20,628030
143,130,136,0,0,0,0,0,35,20,629230
143,130,136,0,0,0,0,0,35,20,630430
143,130,136,0,0,0,0,0,35,20,631635
144,130,136,0,0,0,0,0,35,20,632835
144,130,136,0,0,0,0,0,35,20,634235
144,130,136,0,0,0,0,0,35,20,635235
143,130,136,0,0,0,0,0,35,20,636435
143,130,136,0,0,0,0,0,35,20,637640
143,130,136,0,0,0,0,0,35,20,638840
144,130,136,0,0,0,0,0,35,20,640040
143,130,136,0,0,0,0,0,35,20,641240
143,130,136,0,0,0,0,0,35,20,642440
143,130,136,0,0,0,0,0,35,20,643640
143,130,136,0,0,0,0,0,35,20,644840
143,130,136,0,0,0,0,0,35,20,646040
143,130,136,0,0,0,0,0,35,20,647240
144,130,136,0,0,0,0,0,35,20,648445
143,130,136,0,0,0,0,0,35,20,649645
143,130,136,0,0,0,0,0,35,20,650845
143,130,136,0,0,0,0,0,35,20,652045
143,130,136,0,0,0,0,0,35,20,653245
144,130,136,0,0,0,0,0,35,20,654445
144,130,136,0,0,0,0,0,35,20,655645
143,130,136,0,0,0,0,0,35,20,656845
143,130,136,0,0,0,0,0,35,20,658045
143,130,136,0,0,0,0,0,35,20,659245
143,130,136,0,0,0,0,0,35,20,660445
144,130,136,0,0,0,0,0,35,20,661645
143,130,136,0,0,0,0,0,35,20,662845
143,130,136,0,0,0,0,0,35,20,664050
143,130,137,0,0,0,0,0,35,20,665250
143,130,136,0,0,0,0,0,35,20,666455
143,130,137,0,0,0,0,0,35,20,667655
143,130,136,0,0,0,0,0,35,20,668855
143,130,137,0,0,0,0,0,35,20,670055
143,130,137,0,0,0,0,0,35,20,671260
143,130,137,0,0,0,0,0,35,20,672460
143,130,136,0,0,0,0,0,35,20,673660
143,130,136,0,0,0,0,0,35,20,674865
144,130,137,0,0,0,0,0,35,20,676265
143,130,137,0,0,0,0,0,35,20,677265
143,130,137,0,0,0,0,0,35,20,678465
143,130,137,0,0,0,0,0,35,20,679665
143,130,137,0,0,0,0,0,35,20,680865
143,130,135,0,0,0,0,0,35,21,682080
142,130,133,0,0,0,0,0,35,21,683515
176,13,115,0,0,0,0,0,03,00,683655
177,13,115,0,0,0,0,0,03,00,683655
177,13,114,0,0,0,0,0,03,00,683655
177,13,114,0,0,0,0,0,03,00,683655
177,13,114,0,0,0,0,0,03,00,683655
177,13,114,0,0,0,0,0,03,00,683655
177,13,115,0,0,0,0,0,03,00,683655
178,13,115,0,0,0,0,0,03,00,683655
178,13,115,0,0,0,0,0,03,00,683655
177,13,116,0,0,0,0,0,03,00,683655
178,13,116,0,0,0,0,0,03,00,683655
178,13,117,0,0,0,0,0,03,00,683655
178,13,117,0,0,0,0,0,03,00,683655
144,131,135,0,0,0,0,0,35,21,684635
144,130,136,0,0,0,0,0,35,21,685760
144,130,137,0,0,0,0,0,35,20,686970
143,130,137,0,0,0,0,0,35,20,688180
144,130,137,0,0,0,0,0,35,20,689580
144,131,137,0,0,0,0,0,35,20,690580
144,131,136,0,0,0,0,0,35,20,691780
143,130,137,0,0,0,0,0,35,20,692980
143,130,137,0,0,0,0,0,35,20,694180
143,130,137,0,0,0,0,0,35,20,695380
144,131,137,0,0,0,0,0,35,20,696580
144,131,137,0,0,0,0,0,35,20,697780
143,131,137,0,0,0,0,0,35,20,698980
144,130,137,0,0,0,0,0,35,20,700185
143,130,137,0,0,0,0,0,35,20,701385
143,130,137,0,0,0,0,0,35,20,702585
143,131,137,0,0,0,0,0,35,20,703785
143,130,137,0,0,0,0,0,35,20,705185
143,130,137,0,0,0,0,0,35,20,706185
143,130,137,0,0,0,0,0,35,20,707385
143,130,137,0,0,0,0,0,35,20,708585
143,130,137,0,0,0,0,0,35,20,709785
143,130,137,0,0,0,0,0,35,20,710995
143,130,137,0,0,0,0,0,35,20,712195
143,130,137,0,0,0,0,0,35,20,713395
143,130,137,0,0,0,0,0,35,20,714600
143,130,137,0,0,0,0,0,35,20,715800
143,130,137,0,0,0,0,0,35,20,717000
143,130,137,0,0,0,0,0,35,20,718200
143,130,137,0,0,0,0,0,35,20,719400
143,130,137,0,0,0,0,0,35,20,720600
143,131,137,0,0,0,0,0,35,20,721800
143,131,137,0,0,0,0,0,35,20,723000
143,130,137,0,0,0,0,0,35,20,724200
143,130,137,0,0,0,0,0,35,20,725400
143,130,137,0,0,0,0,0,35,20,726600
143,131,137,0,0,0,0,0,35,20,727800
143,131,137,0,0,0,0,0,35,20,729000
143,130,137,0,0,0,0,0,35,20,730200
143,130,137,0,0,0,0,0,35,20,731400
143,130,137,0,0,0,0,0,35,20,732600
143,131,137,0,0,0,0,0,35,20,733800
143,131,137,0,0,0,0,0,35,20,735000
144,130,137,0,0,0,0,0,35,20,736200
143,130,137,0,0,0,0,0,35,20,737605
143,130,137,0,0,0,0,0,35,20,738605
144,131,137,0,0,0,0,0,35,20,739805
143,131,137,0,0,0,0,0,35,20,741005
144,130,137,0,0,0,0,0,35,20,742205
143,130,137,0,0,0,0,0,35,20,743405
144,131,137,0,0,0,0,0,35,20,744610
143,130,137,0,0,0,0,0,35,20,745810
143,130,137,0,0,0,0,0,35,20,747010
143,130,137,0,0,0,0,0,35,20,748210
143,130,137,0,0,0,0,0,35,20,749410
143,130,137,0,0,0,0,0,35,20,750610
144,130,137,0,0,0,0,0,35,20,752020
143,130,137,0,0,0,0,0,35,20,753025
143,130,137,0,0,0,0,0,35,20,754225
143,130,137,0,0,0,0,0,35,20,755425
143,130,137,0,0,0,0,0,35,20,756625
143,131,137,0,0,0,0,0,35,20,757825
143,131,137,0,0,0,0,0,35,20,759025
142,131,135,0,0,0,0,0,35,21,760240
170,13,119,0,0,0,0,0,03,00,761270
177,13,117,0,0,0,0,0,03,00,761270
142,144,130,0,0,0,0,0,35,21,762115
176,13,114,0,0,0,0,0,03,00,762375
177,13,113,0,0,0,0,0,03,00,762375
177,13,113,0,0,0,0,0,03,00,762375
177,13,113,0,0,0,0,0,03,00,762375
177,13,112,0,0,0,0,0,03,00,762375
177,13,113,0,0,0,0,0,03,00,762375
178,13,113,0,0,0,0,0,03,00,762375
177,13,113,0,0,0,0,0,03,00,762375
177,13,114,0,0,0,0,0,03,00,762375
178,13,114,0,0,0,0,0,03,00,762375
143,144,132,0,0,0,0,0,35,21,763415
143,144,134,0,0,0,0,0,35,21,764570
143,144,134,0,0,0,0,0,35,21,765825
143,144,134,0,0,0,0,0,35,20,766960
143,144,134,0,0,0,0,0,35,20,768300
143,144,134,0,0,0,0,0,35,21,769540
143,144,134,0,0,0,0,0,35,20,770770
143,144,134,0,0,0,0,0,35,21,772015
143,144,134,0,0,0,0,0,35,20,773255
143,144,134,0,0,0,0,0,35,20,774490
143,144,134,0,0,0,0,0,35,20,775725
143,144,135,0,0,0,0,0,35,21,776860
143,144,135,0,0,0,0,0,35,20,779430
143,144,135,0,0,0,0,0,35,21,780870
143,144,134,0,0,0,0,0,35,21,781895
142,144,134,0,0,0,0,0,35,20,783125
142,144,135,0,0,0,0,0,35,21,784355
143,144,135,0,0,0,0,0,35,21,785590
142,144,135,0,0,0,0,0,35,21,787945
143,144,135,0,0,0,0,0,35,20,789170
143,144,135,0,0,0,0,0,35,20,790505
143,144,135,0,0,0,0,0,35,21,791740
143,144,135,0,0,0,0,0,35,20,792975
142,144,135,0,0,0,0,0,35,21,794220
143,144,135,0,0,0,0,0,35,21,795455
142,144,135,0,0,0,0,0,35,21,796690
142,144,135,0,0,0,0,0,35,20,797920
142,144,135,0,0,0,0,0,35,20,799045
143,144,135,0,0,0,0,0,35,21,800270
142,144,135,0,0,0,0,0,35,20,801500
142,144,135,0,0,0,0,0,35,20,802725
142,144,135,0,0,0,0,0,35,21,803960
143,144,135,0,0,0,0,0,35,21,805190
142,144,135,0,0,0,0,0,35,21,806420
142,144,135,0,0,0,0,0,35,21,807655
143,144,135,0,0,0,0,0,35,21,808890
143,144,134,0,0,0,0,0,35,20,810125
142,144,134,0,0,0,0,0,35,21,811670
142,144,135,0,0,0,0,0,35,21,813835
143,144,135,0,0,0,0,0,35,21,815085
143,144,135,0,0,0,0,0,35,21,816320
142,144,135,0,0,0,0,0,35,21,817660
142,144,135,0,0,0,0,0,35,21,818785
142,144,135,0,0,0,0,0,35,21,820125
143,144,135,0,0,0,0,0,35,21,821260
142,144,135,0,0,0,0,0,35,20,822490
143,144,135,0,0,0,0,0,35,21,823830
143,144,135,0,0,0,0,0,35,20,825075
142,144,135,0,0,0,0,0,35,21,826315
143,144,135,0,0,0,0,0,35,21,827550
142,144,135,0,0,0,0,0,35,20,828780
142,144,135,0,0,0,0,0,35,21,830020
142,144,135,0,0,0,0,0,35,20,831150
142,144,135,0,0,0,0,0,35,21,832400
142,144,135,0,0,0,0,0,35,21,833625
142,144,135,0,0,0,0,0,35,21,834865
143,144,135,0,0,0,0,0,35,21,836415
142,144,135,0,0,0,0,0,35,20,837340
143,144,135,0,0,0,0,0,35,21,839800
143,144,135,0,0,0,0,0,35,21,841035
142,144,135,0,0,0,0,0,35,21,842575
142,144,135,0,0,0,0,0,35,21,843505
142,144,135,0,0,0,0,0,35,20,844735
143,144,135,0,0,0,0,0,35,20,845980
143,144,135,0,0,0,0,0,35,21,847215
143,144,135,0,0,0,0,0,35,20,848445
143,144,135,0,0,0,0,0,35,20,850905
143,144,135,0,0,0,0,0,35,21,852450
143,144,135,0,0,0,0,0,35,21,853380
142,144,135,0,0,0,0,0,35,21,854615
143,144,135,0,0,0,0,0,35,21,855850
142,144,135,0,0,0,0,0,35,21,857085
142,144,135,0,0,0,0,0,35,21,858320
143,144,135,0,0,0,0,0,35,21,859550
142,144,135,0,0,0,0,0,35,20,860785
142,144,135,0,0,0,0,0,35,20,862025
143,144,135,0,0,0,0,0,35,21,863255
142,144,135,0,0,0,0,0,35,21,864485
143,144,135,0,0,0,0,0,35,21,865720
143,144,135,0,0,0,0,0,35,20,866945
142,144,135,0,0,0,0,0,35,20,868185
142,144,135,0,0,0,0,0,35,20,869415
143,144,135,0,0,0,0,0,35,20,870640
142,144,135,0,0,0,0,0,35,20,871870
142,144,135,0,0,0,0,0,35,20,873100
142,144,135,0,0,0,0,0,35,20,874340
142,144,135,0,0,0,0,0,35,21,875580
142,144,135,0,0,0,0,0,35,20,876820
143,144,135,0,0,0,0,0,35,21,878065
142,144,135,0,0,0,0,0,35,20,879300
142,144,135,0,0,0,0,0,35,21,880535
142,144,135,0,0,0,0,0,35,20,881775
142,144,135,0,0,0,0,0,35,21,883015
142,144,135,0,0,0,0,0,35,21,884260
143,144,135,0,0,0,0,0,35,21,885500
143,144,135,0,0,0,0,0,35,20,886740
142,144,135,0,0,0,0,0,35,21,887980
142,144,135,0,0,0,0,0,35,21,889215
142,144,135,0,0,0,0,0,35,21,890450
142,144,135,0,0,0,0,0,35,20,891685
142,144,135,0,0,0,0,0,35,21,892935
142,144,135,0,0,0,0,0,35,21,894175
142,144,135,0,0,0,0,0,35,20,895405
142,144,135,0,0,0,0,0,35,21,896650
143,144,135,0,0,0,0,0,35,21,897895
142,144,135,0,0,0,0,0,35,21,899135
142,144,135,0,0,0,0,0,35,20,900380
142,144,135,0,0,0,0,0,35,21,901625
142,144,135,0,0,0,0,0,35,21,902865
142,144,135,0,0,0,0,0,35,21,904105
142,144,135,0,0,0,0,0,35,21,905340
142,144,135,0,0,0,0,0,35,20,906580
142,144,135,0,0,0,0,0,35,21,907825
142,144,135,0,0,0,0,0,35,21,909070
142,144,135,0,0,0,0,0,35,21,910320
142,144,135,0,0,0,0,0,35,21,911560
143,144,135,0,0,0,0,0,35,21,912800
143,144,135,0,0,0,0,0,35,20,914025
143,144,135,0,0,0,0,0,35,21,915255
142,144,135,0,0,0,0,0,35,21,916490
142,144,135,0,0,0,0,0,35,20,917725
142,144,135,0,0,0,0,0,35,20,918975
143,144,135,0,0,0,0,0,35,21,920225
143,144,135,0,0,0,0,0,35,21,921465
143,144,135,0,0,0,0,0,35,20,922685
143,144,135,0,0,0,0,0,35,21,923935
142,144,135,0,0,0,0,0,35,21,925165
142,144,135,0,0,0,0,0,35,21,926410
143,144,135,0,0,0,0,0,35,21,927645
143,144,135,0,0,0,0,0,35,21,928880
142,144,135,0,0,0,0,0,35,20,930105
143,144,135,0,0,0,0,0,35,20,931340
142,144,135,0,0,0,0,0,35,21,932565
143,144,135,0,0,0,0,0,35,21,933795
142,144,135,0,0,0,0,0,35,21,935035
142,144,135,0,0,0,0,0,35,20,936275
142,144,135,0,0,0,0,0,35,20,937510
142,144,135,0,0,0,0,0,35,21,938750
142,144,135,0,0,0,0,0,35,21,940000
142,144,135,0,0,0,0,0,35,21,941255
142,144,135,0,0,0,0,0,35,21,942505
142,144,135,0,0,0,0,0,35,21,943750
142,144,135,0,0,0,0,0,35,21,944990
142,144,135,0,0,0,0,0,35,20,946220
142,144,135,0,0,0,0,0,35,20,947465
142,144,135,0,0,0,0,0,35,21,948710
143,144,135,0,0,0,0,0,35,20,949955
142,144,135,0,0,0,0,0,35,21,951195
142,144,135,0,0,0,0,0,35,21,952425
142,144,135,0,0,0,0,0,35,20,953655
142,144,135,0,0,0,0,0,35,20,954895
142,144,135,0,0,0,0,0,35,21,956140
142,144,135,0,0,0,0,0,35,21,957575
142,144,135,0,0,0,0,0,35,21,958600
142,144,135,0,0,0,0,0,35,20,959835
142,144,135,0,0,0,0,0,35,20,961060
142,144,135,0,0,0,0,0,35,20,962305
142,144,135,0,0,0,0,0,35,20,963550
142,144,135,0,0,0,0,0,35,21,964795
142,144,135,0,0,0,0,0,35,20,966030
143,144,135,0,0,0,0,0,35,21,967270
142,144,135,0,0,0,0,0,35,21,968510
142,144,135,0,0,0,0,0,35,21,969750
142,144,135,0,0,0,0,0,35,21,970985
142,144,135,0,0,0,0,0,35,20,972225
142,144,135,0,0,0,0,0,35,21,973465
142,144,135,0,0,0,0,0,35,21,974700
142,144,135,0,0,0,0,0,35,21,975940
142,144,135,0,0,0,0,0,35,21,977185
142,144,135,0,0,0,0,0,35,21,978425
142,144,135,0,0,0,0,0,35,20,979665
142,144,135,0,0,0,0,0,35,21,980910
142,144,135,0,0,0,0,0,35,21,982160
142,144,135,0,0,0,0,0,35,20,983610
142,144,135,0,0,0,0,0,35,20,984645
142,144,135,0,0,0,0,0,35,21,985880
143,144,135,0,0,0,0,0,35,20,987115
142,144,135,0,0,0,0,0,35,21,988350
142,144,135,0,0,0,0,0,35,20,989600
142,144,135,0,0,0,0,0,35,20,990845
142,144,135,0,0,0,0,0,35,21,992095
142,144,135,0,0,0,0,0,35,20,993345
142,144,135,0,0,0,0,0,35,21,994600
142,144,135,0,0,0,0,0,35,20,995830
142,144,135,0,0,0,0,0,35,21,997065
142,144,135,0,0,0,0,0,35,20,998515
142,144,135,0,0,0,0,0,35,21,999550
143,144,135,0,0,0,0,0,35,21,01000795
143,144,135,0,0,0,0,0,35,20,01002035
142,144,135,0,0,0,0,0,35,21,01003280
142,144,135,0,0,0,0,0,35,21,01004525
142,144,135,0,0,0,0,0,35,20,01005760
142,144,135,0,0,0,0,0,35,21,01007010
142,144,135,0,0,0,0,0,35,21,01008245
142,144,135,0,0,0,0,0,35,21,01009500
143,144,135,0,0,0,0,0,35,21,01010960
142,144,135,0,0,0,0,0,35,21,01011995
142,144,135,0,0,0,0,0,35,20,01013235
142,144,135,0,0,0,0,0,35,21,01014475
142,144,135,0,0,0,0,0,35,21,01015720
142,144,135,0,0,0,0,0,35,21,01016965
142,144,135,0,0,0,0,0,35,20,01018200
143,144,135,0,0,0,0,0,35,21,01019450
142,144,135,0,0,0,0,0,35,21,01020705
142,144,135,0,0,0,0,0,35,20,01021950
143,144,135,0,0,0,0,0,35,21,01023195
143,144,135,0,0,0,0,0,35,21,01024435
142,144,135,0,0,0,0,0,35,21,01025670
142,144,135,0,0,0,0,0,35,21,01026920
143,144,135,0,0,0,0,0,35,21,01028155
142,144,135,0,0,0,0,0,35,20,01029385
142,144,135,0,0,0,0,0,35,20,01030620
142,144,135,0,0,0,0,0,35,20,01031860
142,144,135,0,0,0,0,0,35,21,01033100
142,144,135,0,0,0,0,0,35,20,01034345
142,144,135,0,0,0,0,0,35,21,01035585
142,144,135,0,0,0,0,0,35,21,01036825
142,144,135,0,0,0,0,0,35,20,01038065
142,144,135,0,0,0,0,0,35,21,01039510
143,144,135,0,0,0,0,0,35,21,01040535
143,144,135,0,0,0,0,0,35,21,01041775
142,144,135,0,0,0,0,0,35,20,01043000
142,144,135,0,0,0,0,0,35,21,01044450
143,144,135,0,0,0,0,0,35,20,01045480
143,144,135,0,0,0,0,0,35,20,01046715
143,144,135,0,0,0,0,0,35,20,01047950
142,144,135,0,0,0,0,0,35,20,01049185
143,144,135,0,0,0,0,0,35,20,01050430
142,144,135,0,0,0,0,0,35,20,01051680
142,144,135,0,0,0,0,0,35,21,01052925
142,144,135,0,0,0,0,0,35,21,01054165
142,144,135,0,0,0,0,0,35,21,01055400
142,144,135,0,0,0,0,0,35,21,01056645
142,144,135,0,0,0,0,0,35,21,01057890
142,144,135,0,0,0,0,0,35,21,01059135
142,144,135,0,0,0,0,0,35,20,01060365
142,144,135,0,0,0,0,0,35,20,01061610
142,144,135,0,0,0,0,0,35,21,01062850
142,144,135,0,0,0,0,0,35,21,01064085
142,144,135,0,0,0,0,0,35,21,01065315
142,144,135,0,0,0,0,0,35,20,01066555
142,144,135,0,0,0,0,0,35,20,01067785
143,144,135,0,0,0,0,0,35,21,01069025
142,144,135,0,0,0,0,0,35,21,01070260
142,144,135,0,0,0,0,0,35,21,01071495
143,144,135,0,0,0,0,0,35,21,01072730
142,144,135,0,0,0,0,0,35,20,01073960
142,144,135,0,0,0,0,0,35,21,01075200
142,144,135,0,0,0,0,0,35,21,01076440
142,144,135,0,0,0,0,0,35,20,01077680
142,144,135,0,0,0,0,0,35,21,01078910
142,144,135,0,0,0,0,0,35,20,01080140
142,144,135,0,0,0,0,0,35,20,01081365
142,144,135,0,0,0,0,0,35,21,01082600
142,144,135,0,0,0,0,0,35,20,01083830
142,144,135,0,0,0,0,0,35,20,01085050
143,144,135,0,0,0,0,0,35,20,01086275
142,144,135,0,0,0,0,0,35,20,01087495
143,144,135,0,0,0,0,0,35,20,01088715
143,144,135,0,0,0,0,0,35,21,01089935
143,144,135,0,0,0,0,0,35,20,01091160
142,144,135,0,0,0,0,0,35,20,01092370
143,144,135,0,0,0,0,0,35,20,01093590
142,144,135,0,0,0,0,0,35,20,01094810
142,144,135,0,0,0,0,0,35,21,01096030
142,144,135,0,0,0,0,0,35,21,01097255
142,144,135,0,0,0,0,0,35,20,01098475
142,144,135,0,0,0,0,0,35,21,01099705
142,144,135,0,0,0,0,0,35,21,01100945
142,144,135,0,0,0,0,0,35,21,01102180
142,144,135,0,0,0,0,0,35,20,01103400
142,144,135,0,0,0,0,0,35,21,01104640
142,144,135,0,0,0,0,0,35,20,01105870
143,144,135,0,0,0,0,0,35,20,01107095
142,144,135,0,0,0,0,0,35,20,01108310
142,144,135,0,0,0,0,0,35,21,01109535
143,144,135,0,0,0,0,0,35,20,01110755
142,144,135,0,0,0,0,0,35,20,01111980
142,144,135,0,0,0,0,0,35,20,01113215
142,144,135,0,0,0,0,0,35,20,01114440
142,144,135,0,0,0,0,0,35,20,01115665
143,144,135,0,0,0,0,0,35,20,01116890
142,144,135,0,0,0,0,0,35,20,01118110
142,144,135,0,0,0,0,0,35,20,01119340
142,144,135,0,0,0,0,0,35,20,01120575
142,144,135,0,0,0,0,0,35,21,01121825
142,144,135,0,0,0,0,0,35,21,01123055
142,144,135,0,0,0,0,0,35,21,01124280
142,144,135,0,0,0,0,0,35,21,01125510
142,144,135,0,0,0,0,0,35,20,01126735
142,144,135,0,0,0,0,0,35,20,01127955
142,144,135,0,0,0,0,0,35,21,01129175
142,144,135,0,0,0,0,0,35,20,01130405
142,144,135,0,0,0,0,0,35,20,01131630
143,144,135,0,0,0,0,0,35,20,01132850
142,144,135,0,0,0,0,0,35,21,01134080
142,144,135,0,0,0,0,0,35,20,01135310
142,144,135,0,0,0,0,0,35,20,01136535
142,144,135,0,0,0,0,0,35,20,01137765
142,144,135,0,0,0,0,0,35,21,01139000
142,144,135,0,0,0,0,0,35,21,01140230
142,144,135,0,0,0,0,0,35,21,01141465
142,144,135,0,0,0,0,0,35,20,01142690
143,144,135,0,0,0,0,0,35,20,01143915
143,144,135,0,0,0,0,0,35,20,01145140
143,144,135,0,0,0,0,0,35,20,01146370
143,144,135,0,0,0,0,0,35,21,01147605
143,144,135,0,0,0,0,0,35,20,01148830
142,144,135,0,0,0,0,0,35,21,01150055
142,144,135,0,0,0,0,0,35,20,01151280
142,144,135,0,0,0,0,0,35,21,01152510
142,144,135,0,0,0,0,0,35,21,01153740
143,144,135,0,0,0,0,0,35,20,01154965
142,144,135,0,0,0,0,0,35,21,01156200
143,144,135,0,0,0,0,0,35,21,01157430
142,144,135,0,0,0,0,0,35,20,01158650
142,144,135,0,0,0,0,0,35,20,01159865
142,144,135,0,0,0,0,0,35,21,01161085
142,144,135,0,0,0,0,0,35,21,01162320
142,144,135,0,0,0,0,0,35,20,01163545
142,144,135,0,0,0,0,0,35,20,01164780
142,144,134,0,0,0,0,0,35,21,01166025
142,144,133,0,0,0,0,0,35,21,01167280
175,13,117,0,0,0,0,0,03,00,01167715
176,13,116,0,0,0,0,0,03,00,01167715
177,13,116,0,0,0,0,0,03,00,01167715
177,13,116,0,0,0,0,0,03,00,01167715
177,12,116,0,0,0,0,0,03,00,01167715
177,13,117,0,0,0,0,0,03,00,01167715
177,13,117,0,0,0,0,0,03,00,01167715
177,13,118,0,0,0,0,0,03,00,01167715
177,13,118,0,0,0,0,0,03,00,01167715
177,13,119,0,0,0,0,0,03,00,01167715
177,13,119,0,0,0,0,0,03,00,01167715
177,13,120,0,0,0,0,0,03,00,01167715
177,13,121,0,0,0,0,0,03,00,01167715
144,144,133,0,0,0,0,0,35,21,01168420
144,144,136,0,0,0,0,0,35,21,01169680
143,144,136,0,0,0,0,0,35,20,01170900
143,143,136,0,0,0,0,0,35,20,01172105
143,144,136,0,0,0,0,0,35,20,01173320
143,144,136,0,0,0,0,0,35,20,01174525
143,144,136,0,0,0,0,0,35,20,01175935
143,144,136,0,0,0,0,0,35,20,01176940
143,144,136,0,0,0,0,0,35,20,01178140
143,144,136,0,0,0,0,0,35,20,01179340
143,144,136,0,0,0,0,0,35,20,01180540
143,144,136,0,0,0,0,0,35,20,01181750
143,144,136,0,0,0,0,0,35,20,01182955
143,144,136,0,0,0,0,0,35,20,01184160
143,144,136,0,0,0,0,0,35,20,01185365
143,144,136,0,0,0,0,0,35,20,01186565
143,144,136,0,0,0,0,0,35,20,01187775
143,144,136,0,0,0,0,0,35,20,01188980
143,144,136,0,0,0,0,0,35,20,01190180
143,144,136,0,0,0,0,0,35,20,01191385
143,144,136,0,0,0,0,0,35,21,01192595
143,144,136,0,0,0,0,0,35,20,01193795
143,144,136,0,0,0,0,0,35,20,01194995
142,144,136,0,0,0,0,0,35,20,01196200
143,144,136,0,0,0,0,0,35,20,01197410
143,144,136,0,0,0,0,0,35,20,01198610
143,144,136,0,0,0,0,0,35,20,01199825
143,144,136,0,0,0,0,0,35,21,01201040
143,144,136,0,0,0,0,0,35,20,01202245
143,144,136,0,0,0,0,0,35,20,01203445
142,144,136,0,0,0,0,0,35,20,01204645
143,144,136,0,0,0,0,0,35,20,01205845
143,144,136,0,0,0,0,0,35,20,01207045
143,144,136,0,0,0,0,0,35,20,01208245
143,144,136,0,0,0,0,0,35,20,01209450
143,144,136,0,0,0,0,0,35,20,01210655
143,144,136,0,0,0,0,0,35,20,01211855
143,144,136,0,0,0,0,0,35,20,01213055
143,144,136,0,0,0,0,0,35,20,01214255
143,144,136,0,0,0,0,0,35,20,01215465
143,144,136,0,0,0,0,0,35,20,01216670
143,144,136,0,0,0,0,0,35,20,01217870
143,144,136,0,0,0,0,0,35,20,01219070
143,144,136,0,0,0,0,0,35,20,01220270
143,144,136,0,0,0,0,0,35,20,01221470
142,144,136,0,0,0,0,0,35,20,01222675
143,144,136,0,0,0,0,0,35,20,01223875
142,144,136,0,0,0,0,0,35,20,01225080
143,144,136,0,0,0,0,0,35,20,01226280
143,144,136,0,0,0,0,0,35,21,01227485
142,144,136,0,0,0,0,0,35,20,01228890
142,144,135,0,0,0,0,0,35,20,01229890
142,144,134,0,0,0,0,0,35,21,01231125
174,13,118,0,0,0,0,0,03,00,01231865
176,13,117,0,0,0,0,0,03,00,01231865
177,13,116,0,0,0,0,0,03,00,01231865
177,13,116,0,0,0,0,0,03,00,01231865
177,13,115,0,0,0,0,0,03,00,01231865
177,13,115,0,0,0,0,0,03,00,01231865
177,13,115,0,0,0,0,0,03,00,01231865
177,13,115,0,0,0,0,0,03,00,01231865
177,13,115,0,0,0,0,0,03,00,01231865
177,13,115,0,0,0,0,0,03,00,01231865
177,13,115,0,0,0,0,0,03,00,01231865
177,13,115,0,0,0,0,0,03,00,01231865
177,13,115,0,0,0,0,0,03,00,01231865
177,13,116,0,0,0,0,0,03,00,01231865
146,143,133,0,0,0,0,0,35,21,01232255
143,143,135,0,0,0,0,0,35,21,01233515
143,143,136,0,0,0,0,0,35,21,01234745
143,144,136,0,0,0,0,0,35,20,01235955
143,143,136,0,0,0,0,0,35,20,01237055
143,143,136,0,0,0,0,0,35,20,01238265
143,144,136,0,0,0,0,0,35,20,01239565
143,143,136,0,0,0,0,0,35,20,01240765
143,144,136,0,0,0,0,0,35,20,01241975
143,144,136,0,0,0,0,0,35,21,01243185
143,143,136,0,0,0,0,0,35,20,01244385
143,143,136,0,0,0,0,0,35,20,01245590
143,143,136,0,0,0,0,0,35,20,01246795
143,144,136,0,0,0,0,0,35,20,01248000
143,143,136,0,0,0,0,0,35,20,01249205
143,143,136,0,0,0,0,0,35,20,01250410
143,144,136,0,0,0,0,0,35,20,01251510
143,143,136,0,0,0,0,0,35,20,01252715
143,143,136,0,0,0,0,0,35,20,01253915
143,143,136,0,0,0,0,0,35,20,01255125
143,143,136,0,0,0,0,0,35,20,01256325
143,143,136,0,0,0,0,0,35,20,01257525
143,144,136,0,0,0,0,0,35,20,01258730
143,143,136,0,0,0,0,0,35,20,01259930
143,143,136,0,0,0,0,0,35,20,01261130
143,143,136,0,0,0,0,0,35,20,01262330
143,144,136,0,0,0,0,0,35,20,01263540
142,143,136,0,0,0,0,0,35,20,01264850
143,143,136,0,0,0,0,0,35,20,01266050
143,143,136,0,0,0,0,0,35,20,01267260
143,143,136,0,0,0,0,0,35,20,01268360
142,144,136,0,0,0,0,0,35,20,01269565
143,144,135,0,0,0,0,0,35,20,01270765
142,144,136,0,0,0,0,0,35,20,01271975
143,144,136,0,0,0,0,0,35,20,01273175
143,144,136,0,0,0,0,0,35,20,01274380
142,143,136,0,0,0,0,0,35,20,01275590
143,143,136,0,0,0,0,0,35,20,01276800
143,144,136,0,0,0,0,0,35,20,01278000
143,143,136,0,0,0,0,0,35,20,01279205
143,143,136,0,0,0,0,0,35,20,01280410
142,144,135,0,0,0,0,0,35,20,01281620
143,144,136,0,0,0,0,0,35,20,01282825
143,144,136,0,0,0,0,0,35,20,01284035
143,143,135,0,0,0,0,0,35,20,01285240
143,144,136,0,0,0,0,0,35,20,01286445
143,143,135,0,0,0,0,0,35,20,01287645
143,143,136,0,0,0,0,0,35,20,01288855
143,143,135,0,0,0,0,0,35,20,01290060
142,143,135,0,0,0,0,0,35,20,01291265
143,144,136,0,0,0,0,0,35,20,01292465
143,144,135,0,0,0,0,0,35,21,01293675
143,143,135,0,0,0,0,0,35,20,01294880
143,143,135,0,0,0,0,0,35,20,01296080
143,143,136,0,0,0,0,0,35,20,01297285
143,143,136,0,0,0,0,0,35,20,01298490
143,144,136,0,0,0,0,0,35,20,01299700
143,143,135,0,0,0,0,0,35,20,01301005
143,143,136,0,0,0,0,0,35,20,01302115
143,143,135,0,0,0,0,0,35,20,01303420
142,144,135,0,0,0,0,0,35,20,01304625
143,143,135,0,0,0,0,0,35,21,01305735
143,143,135,0,0,0,0,0,35,21,01307050
143,144,135,0,0,0,0,0,35,20,01308155
143,143,135,0,0,0,0,0,35,20,01309360
143,144,136,0,0,0,0,0,35,20,01310565
143,143,136,0,0,0,0,0,35,20,01311770
143,143,135,0,0,0,0,0,35,20,01312970
143,143,135,0,0,0,0,0,35,20,01314175
143,144,136,0,0,0,0,0,35,20,01315375
142,144,136,0,0,0,0,0,35,20,01316580
143,144,136,0,0,0,0,0,35,20,01317790
143,144,135,0,0,0,0,0,35,20,01318990
142,144,135,0,0,0,0,0,35,20,01320190
143,143,135,0,0,0,0,0,35,20,01321390
143,144,135,0,0,0,0,0,35,20,01322590
143,144,135,0,0,0,0,0,35,21,01323805
143,144,136,0,0,0,0,0,35,20,01325015
143,143,136,0,0,0,0,0,35,20,01326220
142,144,134,0,0,0,0,0,35,21,01327430
142,143,133,0,0,0,0,0,35,21,01328985
175,13,118,0,0,0,0,0,03,00,01329170
177,13,116,0,0,0,0,0,03,00,01329170
177,13,115,0,0,0,0,0,03,00,01329170
177,13,114,0,0,0,0,0,03,00,01329170
177,13,113,0,0,0,0,0,03,00,01329170
177,13,111,0,0,0,0,0,03,00,01329170
177,13,110,0,0,0,0,0,03,00,01329170
177,13,109,0,0,0,0,0,03,00,01329170
177,13,108,0,0,0,0,0,03,00,01329170
177,13,107,0,0,0,0,0,03,00,01329170
177,13,107,0,0,0,0,0,03,00,01329170
177,13,106,0,0,0,0,0,03,00,01329170
144,143,134,0,0,0,0,0,35,21,01329875
144,143,135,0,0,0,0,0,35,21,01331130
143,143,136,0,0,0,0,0,35,20,01332640
143,143,136,0,0,0,0,0,35,20,01333545
144,143,136,0,0,0,0,0,35,20,01334750
143,143,136,0,0,0,0,0,35,20,01335950
143,143,136,0,0,0,0,0,35,20,01337150
143,143,136,0,0,0,0,0,35,20,01338350
143,143,136,0,0,0,0,0,35,21,01339560
143,143,136,0,0,0,0,0,35,20,01340765
143,143,136,0,0,0,0,0,35,20,01341975
143,143,136,0,0,0,0,0,35,20,01343180
143,143,136,0,0,0,0,0,35,20,01344380
143,143,136,0,0,0,0,0,35,20,01345585
143,143,136,0,0,0,0,0,35,20,01346785
143,143,136,0,0,0,0,0,35,20,01347985
143,143,136,0,0,0,0,0,35,20,01349190
143,143,136,0,0,0,0,0,35,20,01350395
143,143,136,0,0,0,0,0,35,20,01351600
143,143,136,0,0,0,0,0,35,20,01352800
143,143,136,0,0,0,0,0,35,20,01354010
143,142,136,0,0,0,0,0,35,20,01355215
143,143,136,0,0,0,0,0,35,20,01356415
143,143,136,0,0,0,0,0,35,20,01357615
142,143,136,0,0,0,0,0,35,20,01358815
143,143,136,0,0,0,0,0,35,21,01360020
143,143,136,0,0,0,0,0,35,20,01361220
143,143,136,0,0,0,0,0,35,20,01362420
143,143,136,0,0,0,0,0,35,20,01363625
143,143,136,0,0,0,0,0,35,20,01364825
143,143,136,0,0,0,0,0,35,20,01366030
143,143,136,0,0,0,0,0,35,20,01367230
143,143,136,0,0,0,0,0,35,20,01368435
143,143,136,0,0,0,0,0,35,20,01369645
143,143,136,0,0,0,0,0,35,20,01370845
143,143,136,0,0,0,0,0,35,20,01372055
143,143,136,0,0,0,0,0,35,20,01373255
143,143,136,0,0,0,0,0,35,20,01374460
143,143,136,0,0,0,0,0,35,20,01375665
143,143,136,0,0,0,0,0,35,20,01376875
143,143,136,0,0,0,0,0,35,20,01378080
143,143,136,0,0,0,0,0,35,20,01379285
143,143,136,0,0,0,0,0,35,20,01380485
143,142,135,0,0,0,0,0,35,21,01381700
143,143,135,0,0,0,0,0,35,20,01382915
143,143,135,0,0,0,0,0,35,21,01384135
143,143,135,0,0,0,0,0,35,21,01385350
142,143,134,0,0,0,0,0,35,21,01386570
142,143,134,0,0,0,0,0,35,20,01387790
142,143,134,0,0,0,0,0,35,20,01389015
142,143,134,0,0,0,0,0,35,21,01390250
142,143,134,0,0,0,0,0,35,21,01391490
142,143,134,0,0,0,0,0,35,21,01392730
142,143,134,0,0,0,0,0,35,20,01393975
142,143,133,0,0,0,0,0,35,21,01395230
143,143,133,0,0,0,0,0,35,21,01396480
142,143,133,0,0,0,0,0,35,21,01397735
142,143,133,0,0,0,0,0,35,21,01398995
142,143,133,0,0,0,0,0,35,21,01400245
142,143,133,0,0,0,0,0,35,21,01401500
142,143,132,0,0,0,0,0,35,21,01402760
142,143,132,0,0,0,0,0,35,21,01404020
142,143,132,0,0,0,0,0,35,21,01405280
142,143,132,0,0,0,0,0,35,21,01406540
142,143,133,0,0,0,0,0,35,21,01407795
142,143,133,0,0,0,0,0,35,21,01409050
142,143,133,0,0,0,0,0,35,21,01410305
142,143,133,0,0,0,0,0,35,21,01411565
142,143,133,0,0,0,0,0,35,21,01412820
141,143,133,0,0,0,0,0,35,20,01414075
141,143,131,0,0,0,0,0,35,21,01415335
141,143,130,0,0,0,0,0,35,21,01416595
175,13,114,0,0,0,0,0,03,00,01417115
177,13,112,0,0,0,0,0,03,00,01417115
177,13,111,0,0,0,0,0,03,00,01417115
177,13,110,0,0,0,0,0,03,00,01417115
177,13,108,0,0,0,0,0,03,00,01417115
177,13,107,0,0,0,0,0,03,00,01417115
178,13,106,0,0,0,0,0,03,00,01417115
177,13,105,0,0,0,0,0,03,00,01417115
177,13,104,0,0,0,0,0,03,00,01417115
177,13,103,0,0,0,0,0,03,00,01417115
178,13,102,0,0,0,0,0,03,00,01417115
177,13,102,0,0,0,0,0,03,00,01417115
145,130,134,0,0,0,0,0,35,21,01417745
143,130,135,0,0,0,0,0,35,20,01418990
143,130,135,0,0,0,0,0,35,20,01420200
143,130,136,0,0,0,0,0,35,20,01421410
144,130,135,0,0,0,0,0,35,20,01422615
143,130,135,0,0,0,0,0,35,20,01423815
143,130,136,0,0,0,0,0,35,20,01425020
143,130,135,0,0,0,0,0,35,20,01426425
143,130,135,0,0,0,0,0,35,21,01427440
143,130,135,0,0,0,0,0,35,20,01428645
143,130,135,0,0,0,0,0,35,20,01429855
143,130,136,0,0,0,0,0,35,20,01431055
143,130,135,0,0,0,0,0,35,20,01432255
143,130,135,0,0,0,0,0,35,20,01433460
143,130,135,0,0,0,0,0,35,20,01434665
143,130,136,0,0,0,0,0,35,20,01435870
143,130,136,0,0,0,0,0,35,20,01437070
143,130,135,0,0,0,0,0,35,20,01438270
143,130,135,0,0,0,0,0,35,20,01439475
143,130,136,0,0,0,0,0,35,21,01440685
143,130,135,0,0,0,0,0,35,20,01442090
143,130,135,0,0,0,0,0,35,20,01443100
143,130,135,0,0,0,0,0,35,20,01444310
143,130,135,0,0,0,0,0,35,20,01445515
143,130,135,0,0,0,0,0,35,20,01446730
143,130,135,0,0,0,0,0,35,20,01447940
143,130,135,0,0,0,0,0,35,20,01449145
143,130,135,0,0,0,0,0,35,20,01450350
143,130,135,0,0,0,0,0,35,20,01451560
143,130,135,0,0,0,0,0,35,20,01452775
143,130,135,0,0,0,0,0,35,20,01453985
143,130,136,0,0,0,0,0,35,20,01455190
143,130,135,0,0,0,0,0,35,20,01456400
142,130,135,0,0,0,0,0,35,20,0400
143,130,135,0,0,0,0,0,35,20,1600
143,130,135,0,0,0,0,0,35,20,2800
143,130,135,0,0,0,0,0,35,20,4005
143,130,135,0,0,0,0,0,35,20,5405
143,130,135,0,0,0,0,0,35,20,6415
143,130,135,0,0,0,0,0,35,20,7625
142,130,135,0,0,0,0,0,35,20,8830
143,130,135,0,0,0,0,0,35,20,010035
143,130,135,0,0,0,0,0,35,20,011235
143,130,135,0,0,0,0,0,35,20,012440
143,130,135,0,0,0,0,0,35,20,013645
143,130,135,0,0,0,0,0,35,20,014850
143,130,135,0,0,0,0,0,35,20,016060
143,130,135,0,0,0,0,0,35,20,017275
143,130,135,0,0,0,0,0,35,20,018490
143,130,135,0,0,0,0,0,35,20,019700
143,130,135,0,0,0,0,0,35,20,020905
143,130,135,0,0,0,0,0,35,20,022115
143,130,135,0,0,0,0,0,35,20,023320
143,130,135,0,0,0,0,0,35,20,024525
143,130,135,0,0,0,0,0,35,20,025735
143,130,135,0,0,0,0,0,35,21,026950
143,130,135,0,0,0,0,0,35,20,028155
143,130,135,0,0,0,0,0,35,21,029375
143,130,135,0,0,0,0,0,35,20,030590
143,130,135,0,0,0,0,0,35,21,031800
143,130,135,0,0,0,0,0,35,20,033005
143,130,135,0,0,0,0,0,35,20,034215
143,130,135,0,0,0,0,0,35,20,035415
143,130,135,0,0,0,0,0,35,20,036620
143,130,135,0,0,0,0,0,35,20,037820
143,130,135,0,0,0,0,0,35,20,039035
143,130,135,0,0,0,0,0,35,20,040240
143,130,135,0,0,0,0,0,35,21,041460
143,130,135,0,0,0,0,0,35,20,042670
142,130,135,0,0,0,0,0,35,20,043870
142,130,135,0,0,0,0,0,35,20,045075
143,130,135,0,0,0,0,0,35,21,046485
143,130,135,0,0,0,0,0,35,20,047490
143,130,135,0,0,0,0,0,35,20,048700
143,130,135,0,0,0,0,0,35,20,049915
142,130,135,0,0,0,0,0,35,20,051140
142,130,135,0,0,0,0,0,35,20,052350
143,130,135,0,0,0,0,0,35,20,053560
143,130,135,0,0,0,0,0,35,20,054775
142,130,135,0,0,0,0,0,35,20,055985
143,130,135,0,0,0,0,0,35,20,057200
143,130,135,0,0,0,0,0,35,20,058605
143,130,135,0,0,0,0,0,35,21,059615
143,130,135,0,0,0,0,0,35,20,060820
143,130,135,0,0,0,0,0,35,20,062035
143,130,135,0,0,0,0,0,35,20,063245
143,130,135,0,0,0,0,0,35,20,064450
143,130,135,0,0,0,0,0,35,20,065660
143,130,135,0,0,0,0,0,35,20,066870
143,130,135,0,0,0,0,0,35,20,068080
143,130,135,0,0,0,0,0,35,20,069500
143,130,135,0,0,0,0,0,35,20,070505
143,130,135,0,0,0,0,0,35,20,071710
143,130,135,0,0,0,0,0,35,21,072925
143,130,135,0,0,0,0,0,35,21,074145
143,130,135,0,0,0,0,0,35,20,075555
143,130,135,0,0,0,0,0,35,20,076765
143,130,135,0,0,0,0,0,35,20,077780
142,130,135,0,0,0,0,0,35,20,078990
143,130,135,0,0,0,0,0,35,20,080205
143,130,134,0,0,0,0,0,35,20,081415
143,130,135,0,0,0,0,0,35,20,082630
143,130,134,0,0,0,0,0,35,20,083840
143,130,135,0,0,0,0,0,35,20,085060
143,130,135,0,0,0,0,0,35,20,086275
143,130,135,0,0,0,0,0,35,21,087495
143,130,135,0,0,0,0,0,35,20,088710
143,130,135,0,0,0,0,0,35,21,089920
142,130,135,0,0,0,0,0,35,20,091140
143,130,135,0,0,0,0,0,35,20,092345
143,130,135,0,0,0,0,0,35,20,093560
143,130,135,0,0,0,0,0,35,20,094785
143,130,135,0,0,0,0,0,35,21,096005
142,130,135,0,0,0,0,0,35,21,097225
143,130,134,0,0,0,0,0,35,20,098440
142,130,135,0,0,0,0,0,35,20,099850
142,130,135,0,0,0,0,0,35,20,100860
142,130,134,0,0,0,0,0,35,20,102070
143,130,134,0,0,0,0,0,35,20,103285
143,130,135,0,0,0,0,0,35,20,104500
142,130,135,0,0,0,0,0,35,20,105715
143,130,134,0,0,0,0,0,35,20,106925
142,130,133,0,0,0,0,0,35,21,108155
142,130,132,0,0,0,0,0,35,21,109415
176,13,113,0,0,0,0,0,03,00,109780
177,13,112,0,0,0,0,0,03,00,109780
177,13,110,0,0,0,0,0,03,00,109780
142,141,129,0,0,0,0,0,35,21,110635
176,13,112,0,0,0,0,0,03,00,111145
177,13,111,0,0,0,0,0,03,00,111145
177,13,109,0,0,0,0,0,03,00,111145
177,13,108,0,0,0,0,0,03,00,111145
178,13,107,0,0,0,0,0,03,00,111145
178,13,106,0,0,0,0,0,03,00,111145
178,13,105,0,0,0,0,0,03,00,111145
178,13,104,0,0,0,0,0,03,00,111145
178,13,103,0,0,0,0,0,03,00,111145
178,13,102,0,0,0,0,0,03,00,111145
178,13,101,0,0,0,0,0,03,00,111145
144,139,132,0,0,0,0,0,35,21,111940
143,139,134,0,0,0,0,0,35,21,113200
143,139,134,0,0,0,0,0,35,21,114445
143,139,134,0,0,0,0,0,35,20,115680
142,139,133,0,0,0,0,0,35,21,116925
143,139,133,0,0,0,0,0,35,21,118175
142,139,134,0,0,0,0,0,35,21,119430
142,139,134,0,0,0,0,0,35,21,120660
143,139,134,0,0,0,0,0,35,21,121890
143,139,134,0,0,0,0,0,35,21,123130
143,139,134,0,0,0,0,0,35,20,124370
143,139,134,0,0,0,0,0,35,20,125610
143,139,134,0,0,0,0,0,35,20,126845
143,139,134,0,0,0,0,0,35,20,128070
143,139,134,0,0,0,0,0,35,21,129305
143,139,134,0,0,0,0,0,35,21,130545
143,139,134,0,0,0,0,0,35,20,131775
143,139,134,0,0,0,0,0,35,21,133005
143,139,134,0,0,0,0,0,35,20,134235
143,139,134,0,0,0,0,0,35,21,135480
143,139,134,0,0,0,0,0,35,20,136710
142,139,134,0,0,0,0,0,35,20,137940
143,139,134,0,0,0,0,0,35,20,139175
