23,55:143,141,136,0,0,0,0,0,35,20,118080
23,56:143,141,136,0,0,0,0,0,35,20,119280
23,57:143,141,136,0,0,0,0,0,35,20,120480
23,58:143,141,136,0,0,0,0,0,35,20,121680
23,59:143,141,136,0,0,0,0,0,35,20,122880
00,00:143,141,136,0,0,0,0,0,35,20,124180
00,01:143,142,136,0,0,0,0,0,35,20,125280
00,02:143,141,136,0,0,0,0,0,35,20,126480
00,03:143,142,136,0,0,0,0,0,35,20,127680
00,04:143,141,136,0,0,0,0,0,35,20,128880
00,05:143,142,136,0,0,0,0,0,35,20,130080
00,06:143,141,136,0,0,0,0,0,35,20,131485
00,07:143,142,136,0,0,0,0,0,35,20,132485
00,08:143,141,136,0,0,0,0,0,35,20,133685
00,09:143,141,136,0,0,0,0,0,35,20,134885
00,10:143,141,136,0,0,0,0,0,35,21,136290
00,11:143,142,134,0,0,0,0,0,35,21,137495
00,12:142,142,134,0,0,0,0,0,35,20,138510
00,13:175,13,118,0,0,0,0,0,03,00,139060
00,14:177,13,115,0,0,0,0,0,03,00,139060
00,15:177,13,115,0,0,0,0,0,03,00,139060
00,16:177,13,113,0,0,0,0,0,03,00,139060
00,17:177,13,112,0,0,0,0,0,03,00,139060
00,18:177,13,111,0,0,0,0,0,03,00,139060
00,19:177,13,109,0,0,0,0,0,03,00,139060
00,20:177,13,108,0,0,0,0,0,03,00,139060
00,21:178,13,107,0,0,0,0,0,03,00,139060
00,22:178,13,106,0,0,0,0,0,03,00,139060
00,23:177,13,105,0,0,0,0,0,03,00,139060
00,24:178,13,104,0,0,0,0,0,03,00,139060
00,25:178,13,103,0,0,0,0,0,03,00,139060
00,26:178,13,103,0,0,0,0,0,03,00,139060
00,27:178,13,101,0,0,0,0,0,03,00,139060
00,28:178,13,101,0,0,0,0,0,03,00,139060
00,29:145,141,133,0,0,0,0,0,35,21,139685
00,30:144,141,135,0,0,0,0,0,35,21,140935
00,31:144,141,136,0,0,0,0,0,35,21,142055
00,32:143,141,137,0,0,0,0,0,35,20,143255
00,33:143,141,136,0,0,0,0,0,35,20,144455
00,34:143,142,136,0,0,0,0,0,35,20,145660
00,35:144,142,137,0,0,0,0,0,35,20,146860
00,36:143,141,136,0,0,0,0,0,35,20,148060
00,37:143,142,136,0,0,0,0,0,35,20,149260
00,38:143,142,136,0,0,0,0,0,35,21,150670
00,39:143,141,136,0,0,0,0,0,35,20,151670
00,40:144,141,137,0,0,0,0,0,35,20,152870
00,41:143,141,136,0,0,0,0,0,35,20,154070
00,42:144,141,135,0,0,0,0,0,35,20,155270
00,43:143,141,134,0,0,0,0,0,35,20,156490
00,44:175,13,118,0,0,0,0,0,03,00,157305
00,45:177,13,116,0,0,0,0,0,03,00,157305
00,46:177,13,115,0,0,0,0,0,03,00,157305
00,47:177,13,113,0,0,0,0,0,03,00,157305
00,48:177,13,112,0,0,0,0,0,03,00,157305
00,49:177,13,110,0,0,0,0,0,03,00,157305
00,50:177,13,109,0,0,0,0,0,03,00,157305
00,51:177,13,108,0,0,0,0,0,03,00,157305
00,52:178,13,107,0,0,0,0,0,03,00,157305
00,53:178,13,106,0,0,0,0,0,03,00,157305
00,54:178,13,104,0,0,0,0,0,03,00,157305
00,55:178,13,103,0,0,0,0,0,03,00,157305
00,56:178,13,102,0,0,0,0,0,03,00,157305
00,57:178,13,102,0,0,0,0,0,03,00,157305
00,58:178,13,101,0,0,0,0,0,03,00,157305
00,59:178,13,100,0,0,0,0,0,03,00,157305
01,00:178,13,99,0,0,0,0,0,03,00,157305
01,01:178,13,98,0,0,0,0,0,03,00,157305
01,02:178,13,97,0,0,0,0,0,03,00,157305
01,03:178,13,97,0,0,0,0,0,03,00,157305
01,04:178,13,96,0,0,0,0,0,03,00,157305
01,05:178,13,95,0,0,0,0,0,03,00,157305
01,06:178,13,95,0,0,0,0,0,03,00,157305
01,07:178,13,93,0,0,0,0,0,03,00,157305
01,08:178,13,93,0,0,0,0,0,03,00,157305
01,09:178,13,92,0,0,0,0,0,03,00,157305
01,10:178,13,92,0,0,0,0,0,03,00,157305
01,11:178,13,91,0,0,0,0,0,03,00,157305
01,12:178,13,90,0,0,0,0,0,03,00,157305
01,13:178,13,90,0,0,0,0,0,03,00,157305
01,14:178,13,89,0,0,0,0,0,03,00,157305
01,15:151,130,135,0,0,0,0,0,35,21,157445
01,16:145,130,137,0,0,0,0,0,35,20,158660
01,17:144,130,138,0,0,0,0,0,35,20,159860
01,18:144,130,139,0,0,0,0,0,35,20,161060
01,19:145,130,139,0,0,0,0,0,35,20,162260
01,20:144,141,136,0,0,0,0,0,35,19,163455
01,21:143,141,136,0,0,0,0,0,35,20,164855
01,22:144,141,136,0,0,0,0,0,35,20,165855
01,23:143,141,136,0,0,0,0,0,35,20,167055
01,24:144,141,136,0,0,0,0,0,35,20,168255
01,25:143,141,136,0,0,0,0,0,35,20,169460
01,26:144,141,136,0,0,0,0,0,35,20,170665
01,27:143,141,136,0,0,0,0,0,35,20,171865
01,28:143,141,136,0,0,0,0,0,35,20,173065
01,29:144,141,137,0,0,0,0,0,35,20,174265
01,30:144,141,136,0,0,0,0,0,35,20,175465
01,31:143,141,136,0,0,0,0,0,35,20,176665
01,32:143,141,136,0,0,0,0,0,35,20,177870
01,33:143,141,137,0,0,0,0,0,35,20,179070
01,34:144,141,136,0,0,0,0,0,35,20,180270
01,35:144,141,137,0,0,0,0,0,35,20,181470
01,36:144,141,137,0,0,0,0,0,35,20,182670
01,37:143,141,136,0,0,0,0,0,35,20,183870
01,38:143,141,137,0,0,0,0,0,35,20,185070
01,39:143,141,137,0,0,0,0,0,35,20,186470
01,40:143,141,136,0,0,0,0,0,35,20,187470
01,41:143,141,136,0,0,0,0,0,35,20,188675
01,42:144,141,137,0,0,0,0,0,35,20,189875
01,43:143,141,136,0,0,0,0,0,35,20,191275
01,44:143,141,136,0,0,0,0,0,35,20,192275
01,45:143,141,137,0,0,0,0,0,35,20,193475
01,46:144,141,137,0,0,0,0,0,35,20,194675
01,47:143,141,136,0,0,0,0,0,35,20,195875
01,48:143,141,136,0,0,0,0,0,35,20,197075
01,49:144,141,137,0,0,0,0,0,35,20,198275
01,50:143,141,137,0,0,0,0,0,35,20,199675
01,51:144,141,137,0,0,0,0,0,35,20,200680
01,52:143,141,137,0,0,0,0,0,35,20,201880
01,53:143,141,137,0,0,0,0,0,35,20,203080
01,54:143,141,137,0,0,0,0,0,35,20,204280
01,55:143,141,136,0,0,0,0,0,35,20,205480
01,56:144,141,136,0,0,0,0,0,35,20,206680
01,57:144,141,137,0,0,0,0,0,35,20,207880
01,58:143,141,136,0,0,0,0,0,35,20,209080
01,59:144,141,137,0,0,0,0,0,35,20,210280
02,00:143,141,135,0,0,0,0,0,35,20,211485
02,01:143,141,134,0,0,0,0,0,35,21,212695
02,02:176,13,118,0,0,0,0,0,03,00,213045
02,03:177,13,116,0,0,0,0,0,03,00,213045
02,04:177,13,115,0,0,0,0,0,03,00,213045
02,05:177,13,114,0,0,0,0,0,03,00,213045
02,06:177,13,112,0,0,0,0,0,03,00,213045
02,07:178,13,111,0,0,0,0,0,03,00,213045
02,08:177,13,109,0,0,0,0,0,03,00,213045
02,09:178,13,108,0,0,0,0,0,03,00,213045
02,10:178,13,107,0,0,0,0,0,03,00,213045
02,11:178,13,106,0,0,0,0,0,03,00,213045
02,12:178,13,105,0,0,0,0,0,03,00,213045
02,13:178,13,104,0,0,0,0,0,03,00,213045
02,14:144,142,134,0,0,0,0,0,35,21,214080
02,15:144,142,136,0,0,0,0,0,35,20,215205
02,16:144,142,136,0,0,0,0,0,35,20,216410
02,17:143,141,137,0,0,0,0,0,35,20,217610
02,18:143,142,136,0,0,0,0,0,35,20,218810
02,19:143,141,137,0,0,0,0,0,35,20,220010
02,20:144,142,136,0,0,0,0,0,35,20,221215
02,21:143,141,136,0,0,0,0,0,35,20,222415
02,22:143,142,136,0,0,0,0,0,35,20,223615
02,23:144,141,137,0,0,0,0,0,35,20,224815
02,24:144,141,137,0,0,0,0,0,35,20,226015
02,25:143,141,136,0,0,0,0,0,35,20,227215
02,26:144,142,136,0,0,0,0,0,35,20,228415
02,27:144,142,137,0,0,0,0,0,35,20,229615
02,28:143,142,136,0,0,0,0,0,35,20,230815
02,29:144,141,137,0,0,0,0,0,35,20,232015
02,30:143,141,136,0,0,0,0,0,35,20,233215
02,31:143,141,136,0,0,0,0,0,35,20,234415
02,32:143,141,137,0,0,0,0,0,35,20,235615
02,33:143,141,136,0,0,0,0,0,35,20,236815
02,34:143,142,137,0,0,0,0,0,35,20,238015
02,35:143,141,137,0,0,0,0,0,35,20,239215
02,36:143,141,137,0,0,0,0,0,35,20,240415
02,37:143,142,137,0,0,0,0,0,35,20,241620
02,38:143,141,137,0,0,0,0,0,35,20,242820
02,39:143,141,136,0,0,0,0,0,35,20,244020
02,40:143,141,136,0,0,0,0,0,35,20,245220
02,41:143,141,136,0,0,0,0,0,35,20,246420
02,42:143,142,137,0,0,0,0,0,35,20,247620
02,43:143,142,137,0,0,0,0,0,35,20,248820
02,44:143,141,136,0,0,0,0,0,35,20,250020
02,45:144,142,137,0,0,0,0,0,35,20,251220
02,46:144,142,137,0,0,0,0,0,35,20,252420
02,47:143,142,137,0,0,0,0,0,35,20,253620
02,48:143,141,137,0,0,0,0,0,35,20,254820
02,49:144,142,136,0,0,0,0,0,35,20,256020
02,50:143,142,136,0,0,0,0,0,35,20,257220
02,51:143,141,136,0,0,0,0,0,35,20,258420
02,52:143,142,137,0,0,0,0,0,35,20,259620
02,53:144,142,136,0,0,0,0,0,35,20,260820
02,54:143,142,136,0,0,0,0,0,35,20,262020
02,55:143,141,136,0,0,0,0,0,35,20,263220
02,56:143,142,136,0,0,0,0,0,35,20,264420
02,57:143,142,137,0,0,0,0,0,35,20,265620
02,58:144,141,137,0,0,0,0,0,35,20,266820
02,59:143,142,137,0,0,0,0,0,35,20,268020
03,00:142,142,136,0,0,0,0,0,35,20,269220
03,01:143,141,137,0,0,0,0,0,35,20,270420
03,02:143,141,136,0,0,0,0,0,35,20,271620
03,03:144,141,137,0,0,0,0,0,35,20,272825
03,04:143,141,137,0,0,0,0,0,35,20,274025
03,05:144,142,137,0,0,0,0,0,35,20,275425
03,06:143,142,137,0,0,0,0,0,35,20,276425
03,07:144,142,137,0,0,0,0,0,35,20,277625
03,08:143,142,136,0,0,0,0,0,35,20,278825
03,09:143,141,136,0,0,0,0,0,35,20,280025
03,10:143,142,137,0,0,0,0,0,35,20,281225
03,11:143,141,136,0,0,0,0,0,35,20,282425
03,12:143,141,137,0,0,0,0,0,35,20,283625
03,13:143,141,137,0,0,0,0,0,35,20,284825
03,14:143,141,137,0,0,0,0,0,35,20,286025
03,15:143,141,136,0,0,0,0,0,35,20,287225
03,16:143,142,136,0,0,0,0,0,35,20,288425
03,17:143,142,137,0,0,0,0,0,35,20,289625
03,18:143,141,136,0,0,0,0,0,35,20,290825
03,19:143,142,137,0,0,0,0,0,35,20,292025
03,20:143,141,136,0,0,0,0,0,35,20,293225
03,21:143,142,136,0,0,0,0,0,35,20,294425
03,22:143,141,136,0,0,0,0,0,35,20,295625
03,23:144,141,137,0,0,0,0,0,35,20,296825
03,24:144,142,136,0,0,0,0,0,35,20,298030
03,25:143,142,137,0,0,0,0,0,35,20,299230
03,26:143,142,136,0,0,0,0,0,35,20,300430
03,27:143,141,136,0,0,0,0,0,35,20,301630
03,28:144,142,136,0,0,0,0,0,35,20,302830
03,29:143,142,136,0,0,0,0,0,35,20,304030
03,30:144,142,137,0,0,0,0,0,35,20,305430
03,31:144,142,136,0,0,0,0,0,35,20,306430
03,32:143,142,136,0,0,0,0,0,35,20,307630
03,33:143,141,136,0,0,0,0,0,35,20,308830
03,34:143,142,137,0,0,0,0,0,35,20,310030
03,35:143,141,137,0,0,0,0,0,35,20,311230
03,36:143,141,137,0,0,0,0,0,35,20,312430
03,37:143,142,137,0,0,0,0,0,35,20,313630
03,38:143,142,136,0,0,0,0,0,35,20,314830
03,39:143,141,136,0,0,0,0,0,35,20,316030
03,40:144,142,136,0,0,0,0,0,35,20,317430
03,41:143,142,137,0,0,0,0,0,35,20,318430
03,42:143,141,136,0,0,0,0,0,35,20,319630
03,43:143,141,137,0,0,0,0,0,35,20,320830
03,44:143,141,136,0,0,0,0,0,35,20,322030
03,45:143,142,136,0,0,0,0,0,35,20,323230
03,46:143,142,136,0,0,0,0,0,35,20,324430
03,47:143,141,136,0,0,0,0,0,35,20,325635
03,48:144,142,136,0,0,0,0,0,35,20,326835
03,49:143,142,137,0,0,0,0,0,35,20,328035
03,50:143,141,136,0,0,0,0,0,35,20,329235
03,51:143,141,137,0,0,0,0,0,35,20,330435
03,52:143,141,136,0,0,0,0,0,35,20,331635
03,53:143,142,136,0,0,0,0,0,35,20,332835
03,54:143,142,136,0,0,0,0,0,35,21,334040
03,55:143,142,136,0,0,0,0,0,35,20,335240
03,56:143,141,136,0,0,0,0,0,35,20,336440
03,57:143,142,137,0,0,0,0,0,35,20,337640
03,58:143,142,136,0,0,0,0,0,35,20,338840
03,59:143,142,136,0,0,0,0,0,35,20,340040
04,00:143,141,136,0,0,0,0,0,35,20,341240
04,01:143,141,136,0,0,0,0,0,35,20,342440
04,02:143,142,137,0,0,0,0,0,35,20,343640
04,03:143,142,136,0,0,0,0,0,35,20,344840
04,04:143,141,136,0,0,0,0,0,35,20,346040
04,05:143,141,136,0,0,0,0,0,35,20,347245
04,06:143,141,136,0,0,0,0,0,35,20,348445
04,07:143,141,136,0,0,0,0,0,35,20,349645
04,08:142,142,136,0,0,0,0,0,35,20,350845
04,09:143,141,136,0,0,0,0,0,35,20,352045
04,10:143,141,136,0,0,0,0,0,35,20,353250
04,11:143,141,134,0,0,0,0,0,35,20,354460
04,12:142,142,133,0,0,0,0,0,35,20,355680
04,13:176,13,118,0,0,0,0,0,03,00,355765
04,14:177,13,116,0,0,0,0,0,03,00,355765
04,15:177,13,115,0,0,0,0,0,03,00,355765
04,16:177,13,114,0,0,0,0,0,03,00,355765
04,17:177,13,112,0,0,0,0,0,03,00,355765
04,18:177,13,111,0,0,0,0,0,03,00,355765
04,19:177,13,110,0,0,0,0,0,03,00,355765
04,20:177,13,109,0,0,0,0,0,03,00,355765
04,21:177,13,108,0,0,0,0,0,03,00,355765
04,22:178,13,107,0,0,0,0,0,03,00,355765
04,23:177,13,106,0,0,0,0,0,03,00,355765
04,24:178,13,105,0,0,0,0,0,03,00,355765
04,25:177,13,105,0,0,0,0,0,03,00,355765
04,26:178,13,104,0,0,0,0,0,03,00,355765
04,27:177,13,103,0,0,0,0,0,03,00,355765
04,28:178,13,102,0,0,0,0,0,03,00,355765
04,29:178,13,102,0,0,0,0,0,03,00,355765
04,30:178,13,101,0,0,0,0,0,03,00,355765
04,31:144,142,133,0,0,0,0,0,35,21,356775
04,32:143,142,135,0,0,0,0,0,35,21,357915
04,33:143,142,135,0,0,0,0,0,35,20,359125
04,34:144,142,136,0,0,0,0,0,35,20,360330
04,35:143,142,136,0,0,0,0,0,35,20,361535
04,36:144,142,136,0,0,0,0,0,35,20,362735
04,37:143,142,136,0,0,0,0,0,35,20,363935
04,38:143,142,136,0,0,0,0,0,35,20,365135
04,39:143,142,136,0,0,0,0,0,35,20,366340
04,40:143,142,136,0,0,0,0,0,35,20,367540
04,41:143,142,136,0,0,0,0,0,35,20,368740
04,42:143,142,136,0,0,0,0,0,35,20,369940
04,43:143,142,136,0,0,0,0,0,35,20,371140
04,44:143,142,136,0,0,0,0,0,35,20,372340
04,45:143,142,136,0,0,0,0,0,35,20,373540
04,46:143,142,136,0,0,0,0,0,35,20,374740
04,47:143,142,136,0,0,0,0,0,35,20,375940
04,48:143,142,136,0,0,0,0,0,35,20,377140
04,49:143,142,136,0,0,0,0,0,35,20,378345
04,50:143,142,136,0,0,0,0,0,35,20,379545
04,51:143,142,136,0,0,0,0,0,35,20,380745
04,52:143,142,136,0,0,0,0,0,35,20,381945
04,53:143,142,136,0,0,0,0,0,35,20,383145
04,54:143,142,136,0,0,0,0,0,35,20,384245
04,55:143,142,136,0,0,0,0,0,35,20,385445
04,56:143,142,136,0,0,0,0,0,35,20,386645
04,57:143,142,136,0,0,0,0,0,35,20,387845
04,58:143,142,136,0,0,0,0,0,35,20,389045
04,59:143,142,136,0,0,0,0,0,35,20,390345
05,00:143,142,136,0,0,0,0,0,35,20,391545
05,01:143,142,136,0,0,0,0,0,35,20,392745
05,02:143,142,136,0,0,0,0,0,35,20,393945
05,03:143,142,136,0,0,0,0,0,35,20,395145
05,04:143,142,136,0,0,0,0,0,35,20,396345
05,05:143,142,136,0,0,0,0,0,35,20,397545
05,06:143,142,136,0,0,0,0,0,35,20,398745
05,07:143,142,136,0,0,0,0,0,35,20,399945
05,08:143,142,136,0,0,0,0,0,35,20,401045
05,09:143,142,136,0,0,0,0,0,35,20,402245
05,10:143,142,136,0,0,0,0,0,35,20,403450
05,11:176,13,120,0,0,0,0,0,03,00,403925
05,12:177,13,118,0,0,0,0,0,03,00,403925
05,13:177,13,117,0,0,0,0,0,03,00,403925
05,14:177,13,116,0,0,0,0,0,03,00,403925
05,15:177,13,114,0,0,0,0,0,03,00,403925
05,16:177,13,113,0,0,0,0,0,03,00,403925
05,17:177,13,112,0,0,0,0,0,03,00,403925
05,18:177,13,110,0,0,0,0,0,03,00,403925
05,19:177,13,109,0,0,0,0,0,03,00,403925
05,20:177,13,108,0,0,0,0,0,03,00,403925
05,21:177,13,107,0,0,0,0,0,03,00,403925
05,22:178,13,107,0,0,0,0,0,03,00,403925
05,23:177,13,106,0,0,0,0,0,03,00,403925
05,24:178,13,105,0,0,0,0,0,03,00,403925
05,25:177,13,104,0,0,0,0,0,03,00,403925
05,26:178,13,103,0,0,0,0,0,03,00,403925
05,27:178,13,102,0,0,0,0,0,03,00,403925
05,28:145,130,136,0,0,0,0,0,35,20,404875
05,29:144,130,137,0,0,0,0,0,35,20,406075
05,30:144,130,137,0,0,0,0,0,35,20,407275
05,31:144,130,138,0,0,0,0,0,35,20,408475
05,32:144,130,137,0,0,0,0,0,35,20,409675
05,33:143,141,135,0,0,0,0,0,35,20,410770
05,34:143,141,135,0,0,0,0,0,35,20,411970
05,35:143,141,136,0,0,0,0,0,35,20,413170
05,36:143,141,135,0,0,0,0,0,35,20,414370
05,37:143,141,135,0,0,0,0,0,35,20,415570
05,38:143,141,136,0,0,0,0,0,35,20,416770
05,39:143,141,135,0,0,0,0,0,35,20,417970
05,40:143,141,135,0,0,0,0,0,35,20,419170
05,41:143,141,135,0,0,0,0,0,35,20,420370
05,42:143,141,136,0,0,0,0,0,35,20,421570
05,43:143,141,135,0,0,0,0,0,35,20,422775
05,44:143,141,136,0,0,0,0,0,35,20,423980
05,45:143,141,136,0,0,0,0,0,35,20,425180
05,46:143,141,135,0,0,0,0,0,35,20,426380
05,47:143,141,136,0,0,0,0,0,35,20,427580
05,48:143,141,135,0,0,0,0,0,35,20,428780
05,49:143,141,135,0,0,0,0,0,35,20,429980
05,50:143,141,135,0,0,0,0,0,35,20,431185
05,51:143,141,135,0,0,0,0,0,35,20,432385
05,52:143,141,136,0,0,0,0,0,35,20,433590
05,53:143,141,135,0,0,0,0,0,35,20,434795
05,54:142,141,135,0,0,0,0,0,35,20,435995
05,55:143,141,136,0,0,0,0,0,35,21,437200
05,56:143,141,135,0,0,0,0,0,35,20,438400
05,57:143,141,135,0,0,0,0,0,35,20,439600
05,58:143,141,135,0,0,0,0,0,35,20,440800
05,59:143,141,135,0,0,0,0,0,35,20,442000
06,00:143,141,135,0,0,0,0,0,35,20,443200
06,01:143,141,135,0,0,0,0,0,35,20,444400
06,02:143,141,135,0,0,0,0,0,35,20,445600
06,03:143,141,135,0,0,0,0,0,35,20,446805
06,04:143,141,135,0,0,0,0,0,35,20,448005
06,05:143,141,135,0,0,0,0,0,35,20,449205
06,06:143,141,136,0,0,0,0,0,35,20,450405
06,07:143,141,136,0,0,0,0,0,35,20,451605
06,08:143,141,135,0,0,0,0,0,35,20,452805
06,09:142,141,134,0,0,0,0,0,35,20,454015
06,10:142,141,133,0,0,0,0,0,35,21,455345
06,11:176,13,118,0,0,0,0,0,03,00,455575
06,12:177,13,117,0,0,0,0,0,03,00,455575
06,13:177,13,115,0,0,0,0,0,03,00,455575
06,14:177,13,114,0,0,0,0,0,03,00,455575
06,15:177,13,112,0,0,0,0,0,03,00,455575
06,16:177,13,111,0,0,0,0,0,03,00,455575
06,17:177,13,110,0,0,0,0,0,03,00,455575
06,18:177,13,109,0,0,0,0,0,03,00,455575
06,19:177,13,108,0,0,0,0,0,03,00,455575
06,20:177,13,107,0,0,0,0,0,03,00,455575
06,21:177,13,106,0,0,0,0,0,03,00,455575
06,22:178,13,105,0,0,0,0,0,03,00,455575
06,23:178,13,104,0,0,0,0,0,03,00,455575
06,24:178,13,103,0,0,0,0,0,03,00,455575
06,25:177,13,103,0,0,0,0,0,03,00,455575
06,26:178,13,102,0,0,0,0,0,03,00,455575
06,27:145,130,138,0,0,0,0,0,35,20,456515
06,28:144,130,139,0,0,0,0,0,35,20,457620
06,29:144,141,137,0,0,0,0,0,35,20,458815
06,30:144,141,136,0,0,0,0,0,35,20,460015
06,31:144,141,136,0,0,0,0,0,35,20,461215
06,32:144,141,137,0,0,0,0,0,35,20,462415
06,33:144,141,136,0,0,0,0,0,35,20,463615
06,34:143,141,136,0,0,0,0,0,35,20,464815
06,35:143,141,136,0,0,0,0,0,35,20,466015
06,36:143,141,135,0,0,0,0,0,35,20,467215
06,37:143,141,135,0,0,0,0,0,35,20,468415
06,38:143,141,135,0,0,0,0,0,35,20,469620
06,39:143,141,135,0,0,0,0,0,35,20,470820
06,40:143,141,135,0,0,0,0,0,35,20,472020
06,41:143,141,135,0,0,0,0,0,35,20,473225
06,42:143,141,134,0,0,0,0,0,35,20,474435
06,43:143,141,134,0,0,0,0,0,35,20,475655
06,44:143,141,134,0,0,0,0,0,35,21,476865
06,45:143,141,134,0,0,0,0,0,35,20,478070
06,46:143,141,134,0,0,0,0,0,35,21,479285
06,47:142,141,135,0,0,0,0,0,35,20,480495
06,48:143,141,135,0,0,0,0,0,35,20,481700
06,49:143,141,135,0,0,0,0,0,35,20,482905
06,50:143,141,135,0,0,0,0,0,35,20,484105
06,51:143,141,135,0,0,0,0,0,35,20,485310
06,52:143,141,134,0,0,0,0,0,35,20,486510
06,53:143,141,134,0,0,0,0,0,35,20,487715
06,54:143,141,135,0,0,0,0,0,35,20,488915
06,55:143,141,135,0,0,0,0,0,35,20,490115
06,56:143,141,135,0,0,0,0,0,35,20,491315
06,57:143,141,135,0,0,0,0,0,35,20,492515
06,58:143,141,135,0,0,0,0,0,35,20,493715
06,59:142,141,135,0,0,0,0,0,35,20,494915
07,00:142,141,135,0,0,0,0,0,35,20,496115
07,01:142,141,135,0,0,0,0,0,35,20,497320
07,02:142,141,134,0,0,0,0,0,35,20,498535
07,03:143,141,134,0,0,0,0,0,35,21,499760
07,04:142,141,134,0,0,0,0,0,35,20,500985
07,05:143,141,134,0,0,0,0,0,35,21,502220
07,06:142,141,133,0,0,0,0,0,35,20,503450
07,07:142,141,133,0,0,0,0,0,35,21,504680
07,08:143,141,134,0,0,0,0,0,35,20,505905
07,09:143,141,133,0,0,0,0,0,35,20,507135
07,10:143,141,134,0,0,0,0,0,35,21,508370
07,11:142,141,133,0,0,0,0,0,35,20,509600
07,12:143,141,133,0,0,0,0,0,35,21,510835
07,13:142,141,133,0,0,0,0,0,35,20,512070
07,14:143,141,134,0,0,0,0,0,35,21,513310
07,15:143,141,133,0,0,0,0,0,35,20,514545
07,16:143,141,133,0,0,0,0,0,35,21,515775
07,17:142,141,133,0,0,0,0,0,35,20,517005
07,18:142,141,134,0,0,0,0,0,35,21,518240
07,19:143,141,133,0,0,0,0,0,35,21,519475
07,20:143,141,133,0,0,0,0,0,35,21,520720
07,21:143,141,133,0,0,0,0,0,35,21,521945
07,22:142,141,133,0,0,0,0,0,35,20,523175
07,23:143,141,133,0,0,0,0,0,35,20,524405
07,24:143,141,133,0,0,0,0,0,35,20,525635
07,25:142,141,133,0,0,0,0,0,35,20,526865
07,26:143,141,133,0,0,0,0,0,35,21,528105
07,27:143,141,133,0,0,0,0,0,35,20,529335
07,28:143,141,133,0,0,0,0,0,35,21,530560
07,29:143,141,133,0,0,0,0,0,35,20,531785
07,30:143,141,133,0,0,0,0,0,35,21,533020
07,31:143,141,133,0,0,0,0,0,35,21,534255
07,32:143,141,133,0,0,0,0,0,35,21,535485
07,33:142,141,133,0,0,0,0,0,35,20,536920
07,34:143,141,133,0,0,0,0,0,35,20,537930
07,35:143,141,133,0,0,0,0,0,35,21,539165
07,36:143,141,133,0,0,0,0,0,35,20,540390
07,37:143,141,133,0,0,0,0,0,35,20,541620
07,38:143,141,132,0,0,0,0,0,35,20,542850
07,39:142,141,131,0,0,0,0,0,35,21,544105
07,40:175,13,115,0,0,0,0,0,03,00,544840
07,41:177,13,113,0,0,0,0,0,03,00,544840
07,42:177,13,112,0,0,0,0,0,03,00,544840
07,43:177,13,111,0,0,0,0,0,03,00,544840
07,44:177,13,111,0,0,0,0,0,03,00,544840
07,45:178,13,110,0,0,0,0,0,03,00,544840
07,46:178,13,109,0,0,0,0,0,03,00,544840
07,47:177,13,109,0,0,0,0,0,03,00,544840
07,48:178,13,108,0,0,0,0,0,03,00,544840
07,49:178,13,108,0,0,0,0,0,03,00,544840
07,50:178,13,108,0,0,0,0,0,03,00,544840
07,51:145,143,130,0,0,0,0,0,35,21,545250
07,52:144,143,132,0,0,0,0,0,35,21,546510
07,53:143,143,133,0,0,0,0,0,35,21,547760
07,54:143,143,133,0,0,0,0,0,35,21,549010
07,55:143,143,133,0,0,0,0,0,35,20,550235
07,56:143,143,133,0,0,0,0,0,35,21,551485
07,57:143,143,133,0,0,0,0,0,35,20,552720
07,58:143,143,133,0,0,0,0,0,35,20,553955
07,59:143,143,133,0,0,0,0,0,35,20,555190
08,00:143,143,133,0,0,0,0,0,35,21,556440
08,01:143,143,133,0,0,0,0,0,35,20,557680
08,02:143,143,133,0,0,0,0,0,35,21,559115
08,03:143,143,133,0,0,0,0,0,35,21,560140
08,04:143,143,133,0,0,0,0,0,35,20,561370
08,05:143,143,133,0,0,0,0,0,35,20,562600
08,06:143,143,133,0,0,0,0,0,35,20,563840
08,07:143,143,133,0,0,0,0,0,35,20,565070
08,08:143,143,133,0,0,0,0,0,35,21,566510
08,09:143,143,133,0,0,0,0,0,35,21,567525
08,10:143,143,133,0,0,0,0,0,35,21,568760
08,11:142,143,133,0,0,0,0,0,35,20,569990
08,12:142,143,133,0,0,0,0,0,35,20,571435
08,13:143,143,133,0,0,0,0,0,35,20,572475
08,14:143,143,133,0,0,0,0,0,35,20,573705
08,15:143,143,133,0,0,0,0,0,35,20,574945
08,16:143,143,133,0,0,0,0,0,35,20,576385
08,17:143,143,133,0,0,0,0,0,35,21,577415
08,18:143,143,133,0,0,0,0,0,35,21,578650
08,19:142,143,133,0,0,0,0,0,35,20,580095
08,20:143,143,133,0,0,0,0,0,35,20,581125
08,21:143,143,133,0,0,0,0,0,35,21,582365
08,22:143,143,133,0,0,0,0,0,35,21,583810
08,23:143,143,133,0,0,0,0,0,35,20,584840
08,24:142,143,133,0,0,0,0,0,35,21,586075
08,25:142,143,133,0,0,0,0,0,35,21,587315
08,26:142,143,133,0,0,0,0,0,35,21,588560
08,27:143,143,133,0,0,0,0,0,35,21,589800
08,28:143,143,133,0,0,0,0,0,35,21,591035
08,29:143,143,133,0,0,0,0,0,35,20,592275
08,30:143,143,133,0,0,0,0,0,35,21,593505
08,31:143,143,133,0,0,0,0,0,35,21,594735
08,32:143,143,133,0,0,0,0,0,35,21,595970
08,33:143,143,133,0,0,0,0,0,35,21,597415
08,34:142,143,133,0,0,0,0,0,35,21,598455
08,35:142,143,133,0,0,0,0,0,35,20,599690
08,36:142,143,133,0,0,0,0,0,35,21,600915
08,37:143,143,133,0,0,0,0,0,35,20,602145
08,38:142,143,133,0,0,0,0,0,35,21,603385
08,39:143,143,133,0,0,0,0,0,35,20,604610
08,40:143,143,133,0,0,0,0,0,35,21,605860
08,41:143,143,133,0,0,0,0,0,35,20,607090
08,42:143,143,133,0,0,0,0,0,35,20,608315
08,43:143,143,133,0,0,0,0,0,35,20,609555
08,44:143,143,133,0,0,0,0,0,35,21,610785
08,45:143,143,133,0,0,0,0,0,35,21,612030
08,46:143,143,133,0,0,0,0,0,35,20,613270
08,47:142,143,133,0,0,0,0,0,35,21,614505
08,48:142,143,131,0,0,0,0,0,35,21,615755
08,49:141,142,131,0,0,0,0,0,35,21,617015
08,50:176,13,114,0,0,0,0,0,03,00,617410
08,51:177,13,113,0,0,0,0,0,03,00,617410
08,52:177,13,113,0,0,0,0,0,03,00,617410
08,53:144,130,132,0,0,0,0,0,35,21,618190
08,54:176,13,113,0,0,0,0,0,03,00,618725
08,55:177,13,112,0,0,0,0,0,03,00,618725
08,56:177,13,111,0,0,0,0,0,03,00,618725
08,57:177,13,111,0,0,0,0,0,03,00,618725
08,58:177,13,110,0,0,0,0,0,03,00,618725
08,59:178,13,110,0,0,0,0,0,03,00,618725
09,00:178,13,110,0,0,0,0,0,03,00,618725
09,01:178,13,110,0,0,0,0,0,03,00,618725
09,02:178,13,111,0,0,0,0,0,03,00,618725
09,03:178,13,111,0,0,0,0,0,03,00,618725
09,04:144,130,134,0,0,0,0,0,35,21,619585
09,05:144,130,136,0,0,0,0,0,35,20,620810
09,06:143,130,136,0,0,0,0,0,35,20,622020
09,07:144,130,136,0,0,0,0,0,35,20,623220
09,08:144,130,136,0,0,0,0,0,35,20,624425
09,09:144,130,136,0,0,0,0,0,35,20,625625
09,10:143,130,136,0,0,0,0,0,35,20,626825
09,11:144,130,136,0,0,0,0,0,35,20,628030
09,12:143,130,136,0,0,0,0,0,35,20,629230
09,13:143,130,136,0,0,0,0,0,35,20,630430
09,14:143,130,136,0,0,0,0,0,35,20,631635
09,15:144,130,136,0,0,0,0,0,35,20,632835
09,16:144,130,136,0,0,0,0,0,35,20,634235
09,17:144,130,136,0,0,0,0,0,35,20,635235
09,18:143,130,136,0,0,0,0,0,35,20,636435
09,19:143,130,136,0,0,0,0,0,35,20,637640
09,20:143,130,136,0,0,0,0,0,35,20,638840
09,21:144,130,136,0,0,0,0,0,35,20,640040
09,22:143,130,136,0,0,0,0,0,35,20,641240
09,23:143,130,136,0,0,0,0,0,35,20,642440
09,24:143,130,136,0,0,0,0,0,35,20,643640
09,25:143,130,136,0,0,0,0,0,35,20,644840
09,26:143,130,136,0,0,0,0,0,35,20,646040
09,27:143,130,136,0,0,0,0,0,35,20,647240
09,28:144,130,136,0,0,0,0,0,35,20,648445
09,29:143,130,136,0,0,0,0,0,35,20,649645
09,30:143,130,136,0,0,0,0,0,35,20,650845
09,31:143,130,136,0,0,0,0,0,35,20,652045
09,32:143,130,136,0,0,0,0,0,35,20,653245
09,33:144,130,136,0,0,0,0,0,35,20,654445
09,34:144,130,136,0,0,0,0,0,35,20,655645
09,35:143,130,136,0,0,0,0,0,35,20,656845
09,36:143,130,136,0,0,0,0,0,35,20,658045
09,37:143,130,136,0,0,0,0,0,35,20,659245
09,38:143,130,136,0,0,0,0,0,35,20,660445
09,39:144,130,136,0,0,0,0,0,35,20,661645
09,40:143,130,136,0,0,0,0,0,35,20,662845
09,41:143,130,136,0,0,0,0,0,35,20,664050
09,42:143,130,137,0,0,0,0,0,35,20,665250
09,43:143,130,136,0,0,0,0,0,35,20,666455
09,44:143,130,137,0,0,0,0,0,35,20,667655
09,45:143,130,136,0,0,0,0,0,35,20,668855
09,46:143,130,137,0,0,0,0,0,35,20,670055
09,47:143,130,137,0,0,0,0,0,35,20,671260
09,48:143,130,137,0,0,0,0,0,35,20,672460
09,49:143,130,136,0,0,0,0,0,35,20,673660
09,50:143,130,136,0,0,0,0,0,35,20,674865
09,51:144,130,137,0,0,0,0,0,35,20,676265
09,52:143,130,137,0,0,0,0,0,35,20,677265
09,53:143,130,137,0,0,0,0,0,35,20,678465
09,54:143,130,137,0,0,0,0,0,35,20,679665
09,55:143,130,137,0,0,0,0,0,35,20,680865
09,56:143,130,135,0,0,0,0,0,35,21,682080
09,57:142,130,133,0,0,0,0,0,35,21,683515
09,58:176,13,115,0,0,0,0,0,03,00,683655
09,59:177,13,115,0,0,0,0,0,03,00,683655
10,00:177,13,114,0,0,0,0,0,03,00,683655
10,01:177,13,114,0,0,0,0,0,03,00,683655
10,02:177,13,114,0,0,0,0,0,03,00,683655
10,03:177,13,114,0,0,0,0,0,03,00,683655
10,04:177,13,115,0,0,0,0,0,03,00,683655
10,05:178,13,115,0,0,0,0,0,03,00,683655
10,06:178,13,115,0,0,0,0,0,03,00,683655
10,07:177,13,116,0,0,0,0,0,03,00,683655
10,08:178,13,116,0,0,0,0,0,03,00,683655
10,09:178,13,117,0,0,0,0,0,03,00,683655
10,10:178,13,117,0,0,0,0,0,03,00,683655
10,11:144,131,135,0,0,0,0,0,35,21,684635
10,12:144,130,136,0,0,0,0,0,35,21,685760
10,13:144,130,137,0,0,0,0,0,35,20,686970
10,14:143,130,137,0,0,0,0,0,35,20,688180
10,15:144,130,137,0,0,0,0,0,35,20,689580
10,16:144,131,137,0,0,0,0,0,35,20,690580
10,17:144,131,136,0,0,0,0,0,35,20,691780
10,18:143,130,137,0,0,0,0,0,35,20,692980
10,19:143,130,137,0,0,0,0,0,35,20,694180
10,20:143,130,137,0,0,0,0,0,35,20,695380
10,21:144,131,137,0,0,0,0,0,35,20,696580
10,22:144,131,137,0,0,0,0,0,35,20,697780
10,23:143,131,137,0,0,0,0,0,35,20,698980
10,24:144,130,137,0,0,0,0,0,35,20,700185
10,25:143,130,137,0,0,0,0,0,35,20,701385
10,26:143,130,137,0,0,0,0,0,35,20,702585
10,27:143,131,137,0,0,0,0,0,35,20,703785
10,28:143,130,137,0,0,0,0,0,35,20,705185
10,29:143,130,137,0,0,0,0,0,35,20,706185
10,30:143,130,137,0,0,0,0,0,35,20,707385
10,31:143,130,137,0,0,0,0,0,35,20,708585
10,32:143,130,137,0,0,0,0,0,35,20,709785
10,33:143,130,137,0,0,0,0,0,35,20,710995
10,34:143,130,137,0,0,0,0,0,35,20,712195
10,35:143,130,137,0,0,0,0,0,35,20,713395
10,36:143,130,137,0,0,0,0,0,35,20,714600
10,37:143,130,137,0,0,0,0,0,35,20,715800
10,38:143,130,137,0,0,0,0,0,35,20,717000
10,39:143,130,137,0,0,0,0,0,35,20,718200
10,40:143,130,137,0,0,0,0,0,35,20,719400
10,41:143,130,137,0,0,0,0,0,35,20,720600
10,42:143,131,137,0,0,0,0,0,35,20,721800
10,43:143,131,137,0,0,0,0,0,35,20,723000
10,44:143,130,137,0,0,0,0,0,35,20,724200
10,45:143,130,137,0,0,0,0,0,35,20,725400
10,46:143,130,137,0,0,0,0,0,35,20,726600
10,47:143,131,137,0,0,0,0,0,35,20,727800
10,48:143,131,137,0,0,0,0,0,35,20,729000
10,49:143,130,137,0,0,0,0,0,35,20,730200
10,50:143,130,137,0,0,0,0,0,35,20,731400
10,51:143,130,137,0,0,0,0,0,35,20,732600
10,52:143,131,137,0,0,0,0,0,35,20,733800
10,53:143,131,137,0,0,0,0,0,35,20,735000
10,54:144,130,137,0,0,0,0,0,35,20,736200
10,55:143,130,137,0,0,0,0,0,35,20,737605
10,56:143,130,137,0,0,0,0,0,35,20,738605
10,57:144,131,137,0,0,0,0,0,35,20,739805
10,58:143,131,137,0,0,0,0,0,35,20,741005
10,59:144,130,137,0,0,0,0,0,35,20,742205
11,00:143,130,137,0,0,0,0,0,35,20,743405
11,01:144,131,137,0,0,0,0,0,35,20,744610
11,02:143,130,137,0,0,0,0,0,35,20,745810
11,03:143,130,137,0,0,0,0,0,35,20,747010
11,04:143,130,137,0,0,0,0,0,35,20,748210
11,05:143,130,137,0,0,0,0,0,35,20,749410
11,06:143,130,137,0,0,0,0,0,35,20,750610
11,07:144,130,137,0,0,0,0,0,35,20,752020
11,08:143,130,137,0,0,0,0,0,35,20,753025
11,09:143,130,137,0,0,0,0,0,35,20,754225
11,10:143,130,137,0,0,0,0,0,35,20,755425
11,11:143,130,137,0,0,0,0,0,35,20,756625
11,12:143,131,137,0,0,0,0,0,35,20,757825
11,13:143,131,137,0,0,0,0,0,35,20,759025
11,14:142,131,135,0,0,0,0,0,35,21,760240
11,15:170,13,119,0,0,0,0,0,03,00,761270
11,16:177,13,117,0,0,0,0,0,03,00,761270
11,17:142,144,130,0,0,0,0,0,35,21,762115
11,18:176,13,114,0,0,0,0,0,03,00,762375
11,19:177,13,113,0,0,0,0,0,03,00,762375
11,20:177,13,113,0,0,0,0,0,03,00,762375
11,21:177,13,113,0,0,0,0,0,03,00,762375
11,22:177,13,112,0,0,0,0,0,03,00,762375
11,23:177,13,113,0,0,0,0,0,03,00,762375
11,24:178,13,113,0,0,0,0,0,03,00,762375
11,25:177,13,113,0,0,0,0,0,03,00,762375
11,26:177,13,114,0,0,0,0,0,03,00,762375
11,27:178,13,114,0,0,0,0,0,03,00,762375
11,28:143,144,132,0,0,0,0,0,35,21,763415
11,29:143,144,134,0,0,0,0,0,35,21,764570
11,30:143,144,134,0,0,0,0,0,35,21,765825
11,31:143,144,134,0,0,0,0,0,35,20,766960
11,32:143,144,134,0,0,0,0,0,35,20,768300
11,33:143,144,134,0,0,0,0,0,35,21,769540
11,34:143,144,134,0,0,0,0,0,35,20,770770
11,35:143,144,134,0,0,0,0,0,35,21,772015
11,36:143,144,134,0,0,0,0,0,35,20,773255
11,37:143,144,134,0,0,0,0,0,35,20,774490
11,38:143,144,134,0,0,0,0,0,35,20,775725
11,39:143,144,135,0,0,0,0,0,35,21,776860
11,41:143,144,135,0,0,0,0,0,35,20,779430
11,42:143,144,135,0,0,0,0,0,35,21,780870
11,43:143,144,134,0,0,0,0,0,35,21,781895
11,44:142,144,134,0,0,0,0,0,35,20,783125
11,45:142,144,135,0,0,0,0,0,35,21,784355
11,46:143,144,135,0,0,0,0,0,35,21,785590
11,48:142,144,135,0,0,0,0,0,35,21,787945
11,49:143,144,135,0,0,0,0,0,35,20,789170
11,50:143,144,135,0,0,0,0,0,35,20,790505
11,51:143,144,135,0,0,0,0,0,35,21,791740
11,52:143,144,135,0,0,0,0,0,35,20,792975
11,53:142,144,135,0,0,0,0,0,35,21,794220
11,54:143,144,135,0,0,0,0,0,35,21,795455
11,55:142,144,135,0,0,0,0,0,35,21,796690
11,56:142,144,135,0,0,0,0,0,35,20,797920
11,57:142,144,135,0,0,0,0,0,35,20,799045
11,58:143,144,135,0,0,0,0,0,35,21,800270
11,59:142,144,135,0,0,0,0,0,35,20,801500
12,00:142,144,135,0,0,0,0,0,35,20,802725
12,01:142,144,135,0,0,0,0,0,35,21,803960
12,02:143,144,135,0,0,0,0,0,35,21,805190
12,03:142,144,135,0,0,0,0,0,35,21,806420
12,04:142,144,135,0,0,0,0,0,35,21,807655
12,05:143,144,135,0,0,0,0,0,35,21,808890
12,06:143,144,134,0,0,0,0,0,35,20,810125
12,07:142,144,134,0,0,0,0,0,35,21,811670
12,09:142,144,135,0,0,0,0,0,35,21,813835
12,10:143,144,135,0,0,0,0,0,35,21,815085
12,11:143,144,135,0,0,0,0,0,35,21,816320
12,12:142,144,135,0,0,0,0,0,35,21,817660
12,13:142,144,135,0,0,0,0,0,35,21,818785
12,14:142,144,135,0,0,0,0,0,35,21,820125
12,15:143,144,135,0,0,0,0,0,35,21,821260
12,16:142,144,135,0,0,0,0,0,35,20,822490
12,17:143,144,135,0,0,0,0,0,35,21,823830
12,18:143,144,135,0,0,0,0,0,35,20,825075
12,19:142,144,135,0,0,0,0,0,35,21,826315
12,20:143,144,135,0,0,0,0,0,35,21,827550
12,21:142,144,135,0,0,0,0,0,35,20,828780
12,22:142,144,135,0,0,0,0,0,35,21,830020
12,23:142,144,135,0,0,0,0,0,35,20,831150
12,24:142,144,135,0,0,0,0,0,35,21,832400
12,25:142,144,135,0,0,0,0,0,35,21,833625
12,26:142,144,135,0,0,0,0,0,35,21,834865
12,27:143,144,135,0,0,0,0,0,35,21,836415
12,28:142,144,135,0,0,0,0,0,35,20,837340
12,30:143,144,135,0,0,0,0,0,35,21,839800
12,31:143,144,135,0,0,0,0,0,35,21,841035
12,32:142,144,135,0,0,0,0,0,35,21,842575
12,33:142,144,135,0,0,0,0,0,35,21,843505
12,34:142,144,135,0,0,0,0,0,35,20,844735
12,35:143,144,135,0,0,0,0,0,35,20,845980
12,36:143,144,135,0,0,0,0,0,35,21,847215
12,37:143,144,135,0,0,0,0,0,35,20,848445
12,39:143,144,135,0,0,0,0,0,35,20,850905
12,40:143,144,135,0,0,0,0,0,35,21,852450
12,41:143,144,135,0,0,0,0,0,35,21,853380
12,42:142,144,135,0,0,0,0,0,35,21,854615
12,43:143,144,135,0,0,0,0,0,35,21,855850
12,44:142,144,135,0,0,0,0,0,35,21,857085
12,45:142,144,135,0,0,0,0,0,35,21,858320
12,46:143,144,135,0,0,0,0,0,35,21,859550
12,47:142,144,135,0,0,0,0,0,35,20,860785
12,48:142,144,135,0,0,0,0,0,35,20,862025
12,49:143,144,135,0,0,0,0,0,35,21,863255
12,50:142,144,135,0,0,0,0,0,35,21,864485
12,51:143,144,135,0,0,0,0,0,35,21,865720
12,52:143,144,135,0,0,0,0,0,35,20,866945
12,53:142,144,135,0,0,0,0,0,35,20,868185
12,54:142,144,135,0,0,0,0,0,35,20,869415
12,55:143,144,135,0,0,0,0,0,35,20,870640
12,56:142,144,135,0,0,0,0,0,35,20,871870
12,57:142,144,135,0,0,0,0,0,35,20,873100
12,58:142,144,135,0,0,0,0,0,35,20,874340
12,59:142,144,135,0,0,0,0,0,35,21,875580
13,00:142,144,135,0,0,0,0,0,35,20,876820
13,01:143,144,135,0,0,0,0,0,35,21,878065
13,02:142,144,135,0,0,0,0,0,35,20,879300
13,03:142,144,135,0,0,0,0,0,35,21,880535
13,04:142,144,135,0,0,0,0,0,35,20,881775
13,05:142,144,135,0,0,0,0,0,35,21,883015
13,06:142,144,135,0,0,0,0,0,35,21,884260
13,07:143,144,135,0,0,0,0,0,35,21,885500
13,08:143,144,135,0,0,0,0,0,35,20,886740
13,09:142,144,135,0,0,0,0,0,35,21,887980
13,10:142,144,135,0,0,0,0,0,35,21,889215
13,11:142,144,135,0,0,0,0,0,35,21,890450
13,12:142,144,135,0,0,0,0,0,35,20,891685
13,13:142,144,135,0,0,0,0,0,35,21,892935
13,14:142,144,135,0,0,0,0,0,35,21,894175
13,15:142,144,135,0,0,0,0,0,35,20,895405
13,16:142,144,135,0,0,0,0,0,35,21,896650
13,17:143,144,135,0,0,0,0,0,35,21,897895
13,18:142,144,135,0,0,0,0,0,35,21,899135
13,19:142,144,135,0,0,0,0,0,35,20,900380
13,20:142,144,135,0,0,0,0,0,35,21,901625
13,21:142,144,135,0,0,0,0,0,35,21,902865
13,22:142,144,135,0,0,0,0,0,35,21,904105
13,23:142,144,135,0,0,0,0,0,35,21,905340
13,24:142,144,135,0,0,0,0,0,35,20,906580
13,25:142,144,135,0,0,0,0,0,35,21,907825
13,26:142,144,135,0,0,0,0,0,35,21,909070
13,27:142,144,135,0,0,0,0,0,35,21,910320
13,28:142,144,135,0,0,0,0,0,35,21,911560
13,29:143,144,135,0,0,0,0,0,35,21,912800
13,30:143,144,135,0,0,0,0,0,35,20,914025
13,31:143,144,135,0,0,0,0,0,35,21,915255
13,32:142,144,135,0,0,0,0,0,35,21,916490
13,33:142,144,135,0,0,0,0,0,35,20,917725
13,34:142,144,135,0,0,0,0,0,35,20,918975
13,35:143,144,135,0,0,0,0,0,35,21,920225
13,36:143,144,135,0,0,0,0,0,35,21,921465
13,37:143,144,135,0,0,0,0,0,35,20,922685
13,38:143,144,135,0,0,0,0,0,35,21,923935
13,39:142,144,135,0,0,0,0,0,35,21,925165
13,40:142,144,135,0,0,0,0,0,35,21,926410
13,41:143,144,135,0,0,0,0,0,35,21,927645
13,42:143,144,135,0,0,0,0,0,35,21,928880
13,43:142,144,135,0,0,0,0,0,35,20,930105
13,44:143,144,135,0,0,0,0,0,35,20,931340
13,45:142,144,135,0,0,0,0,0,35,21,932565
13,46:143,144,135,0,0,0,0,0,35,21,933795
13,47:142,144,135,0,0,0,0,0,35,21,935035
13,48:142,144,135,0,0,0,0,0,35,20,936275
13,49:142,144,135,0,0,0,0,0,35,20,937510
13,50:142,144,135,0,0,0,0,0,35,21,938750
13,51:142,144,135,0,0,0,0,0,35,21,940000
13,52:142,144,135,0,0,0,0,0,35,21,941255
13,53:142,144,135,0,0,0,0,0,35,21,942505
13,54:142,144,135,0,0,0,0,0,35,21,943750
13,55:142,144,135,0,0,0,0,0,35,21,944990
13,56:142,144,135,0,0,0,0,0,35,20,946220
13,57:142,144,135,0,0,0,0,0,35,20,947465
13,58:142,144,135,0,0,0,0,0,35,21,948710
13,59:143,144,135,0,0,0,0,0,35,20,949955
14,00:142,144,135,0,0,0,0,0,35,21,951195
14,01:142,144,135,0,0,0,0,0,35,21,952425
14,02:142,144,135,0,0,0,0,0,35,20,953655
14,03:142,144,135,0,0,0,0,0,35,20,954895
14,04:142,144,135,0,0,0,0,0,35,21,956140
14,05:142,144,135,0,0,0,0,0,35,21,957575
14,06:142,144,135,0,0,0,0,0,35,21,958600
14,07:142,144,135,0,0,0,0,0,35,20,959835
14,08:142,144,135,0,0,0,0,0,35,20,961060
14,09:142,144,135,0,0,0,0,0,35,20,962305
14,10:142,144,135,0,0,0,0,0,35,20,963550
14,11:142,144,135,0,0,0,0,0,35,21,964795
14,12:142,144,135,0,0,0,0,0,35,20,966030
14,13:143,144,135,0,0,0,0,0,35,21,967270
14,14:142,144,135,0,0,0,0,0,35,21,968510
14,15:142,144,135,0,0,0,0,0,35,21,969750
14,16:142,144,135,0,0,0,0,0,35,21,970985
14,17:142,144,135,0,0,0,0,0,35,20,972225
14,18:142,144,135,0,0,0,0,0,35,21,973465
14,19:142,144,135,0,0,0,0,0,35,21,974700
14,20:142,144,135,0,0,0,0,0,35,21,975940
14,21:142,144,135,0,0,0,0,0,35,21,977185
14,22:142,144,135,0,0,0,0,0,35,21,978425
14,23:142,144,135,0,0,0,0,0,35,20,979665
14,24:142,144,135,0,0,0,0,0,35,21,980910
14,25:142,144,135,0,0,0,0,0,35,21,982160
14,26:142,144,135,0,0,0,0,0,35,20,983610
14,27:142,144,135,0,0,0,0,0,35,20,984645
14,28:142,144,135,0,0,0,0,0,35,21,985880
14,29:143,144,135,0,0,0,0,0,35,20,987115
14,30:142,144,135,0,0,0,0,0,35,21,988350
14,31:142,144,135,0,0,0,0,0,35,20,989600
14,32:142,144,135,0,0,0,0,0,35,20,990845
14,33:142,144,135,0,0,0,0,0,35,21,992095
14,34:142,144,135,0,0,0,0,0,35,20,993345
14,35:142,144,135,0,0,0,0,0,35,21,994600
14,36:142,144,135,0,0,0,0,0,35,20,995830
14,37:142,144,135,0,0,0,0,0,35,21,997065
14,38:142,144,135,0,0,0,0,0,35,20,998515
14,39:142,144,135,0,0,0,0,0,35,21,999550
14,40:143,144,135,0,0,0,0,0,35,21,01000795
14,41:143,144,135,0,0,0,0,0,35,20,01002035
14,42:142,144,135,0,0,0,0,0,35,21,01003280
14,43:142,144,135,0,0,0,0,0,35,21,01004525
14,44:142,144,135,0,0,0,0,0,35,20,01005760
14,45:142,144,135,0,0,0,0,0,35,21,01007010
14,46:142,144,135,0,0,0,0,0,35,21,01008245
14,47:142,144,135,0,0,0,0,0,35,21,01009500
14,48:143,144,135,0,0,0,0,0,35,21,01010960
14,49:142,144,135,0,0,0,0,0,35,21,01011995
14,50:142,144,135,0,0,0,0,0,35,20,01013235
14,51:142,144,135,0,0,0,0,0,35,21,01014475
14,52:142,144,135,0,0,0,0,0,35,21,01015720
14,53:142,144,135,0,0,0,0,0,35,21,01016965
14,54:142,144,135,0,0,0,0,0,35,20,01018200
14,55:143,144,135,0,0,0,0,0,35,21,01019450
14,56:142,144,135,0,0,0,0,0,35,21,01020705
14,57:142,144,135,0,0,0,0,0,35,20,01021950
14,58:143,144,135,0,0,0,0,0,35,21,01023195
14,59:143,144,135,0,0,0,0,0,35,21,01024435
15,00:142,144,135,0,0,0,0,0,35,21,01025670
15,01:142,144,135,0,0,0,0,0,35,21,01026920
15,02:143,144,135,0,0,0,0,0,35,21,01028155
15,03:142,144,135,0,0,0,0,0,35,20,01029385
15,04:142,144,135,0,0,0,0,0,35,20,01030620
15,05:142,144,135,0,0,0,0,0,35,20,01031860
15,06:142,144,135,0,0,0,0,0,35,21,01033100
15,07:142,144,135,0,0,0,0,0,35,20,01034345
15,08:142,144,135,0,0,0,0,0,35,21,01035585
15,09:142,144,135,0,0,0,0,0,35,21,01036825
15,10:142,144,135,0,0,0,0,0,35,20,01038065
15,11:142,144,135,0,0,0,0,0,35,21,01039510
15,12:143,144,135,0,0,0,0,0,35,21,01040535
15,13:143,144,135,0,0,0,0,0,35,21,01041775
15,14:142,144,135,0,0,0,0,0,35,20,01043000
15,15:142,144,135,0,0,0,0,0,35,21,01044450
15,16:143,144,135,0,0,0,0,0,35,20,01045480
15,17:143,144,135,0,0,0,0,0,35,20,01046715
15,18:143,144,135,0,0,0,0,0,35,20,01047950
15,19:142,144,135,0,0,0,0,0,35,20,01049185
15,20:143,144,135,0,0,0,0,0,35,20,01050430
15,21:142,144,135,0,0,0,0,0,35,20,01051680
15,22:142,144,135,0,0,0,0,0,35,21,01052925
15,23:142,144,135,0,0,0,0,0,35,21,01054165
15,24:142,144,135,0,0,0,0,0,35,21,01055400
15,25:142,144,135,0,0,0,0,0,35,21,01056645
15,26:142,144,135,0,0,0,0,0,35,21,01057890
15,27:142,144,135,0,0,0,0,0,35,21,01059135
15,28:142,144,135,0,0,0,0,0,35,20,01060365
15,29:142,144,135,0,0,0,0,0,35,20,01061610
15,30:142,144,135,0,0,0,0,0,35,21,01062850
15,31:142,144,135,0,0,0,0,0,35,21,01064085
15,32:142,144,135,0,0,0,0,0,35,21,01065315
15,33:142,144,135,0,0,0,0,0,35,20,01066555
15,34:142,144,135,0,0,0,0,0,35,20,01067785
15,35:143,144,135,0,0,0,0,0,35,21,01069025
15,36:142,144,135,0,0,0,0,0,35,21,01070260
15,37:142,144,135,0,0,0,0,0,35,21,01071495
15,38:143,144,135,0,0,0,0,0,35,21,01072730
15,39:142,144,135,0,0,0,0,0,35,20,01073960
15,40:142,144,135,0,0,0,0,0,35,21,01075200
15,41:142,144,135,0,0,0,0,0,35,21,01076440
15,42:142,144,135,0,0,0,0,0,35,20,01077680
15,43:142,144,135,0,0,0,0,0,35,21,01078910
15,44:142,144,135,0,0,0,0,0,35,20,01080140
15,45:142,144,135,0,0,0,0,0,35,20,01081365
15,46:142,144,135,0,0,0,0,0,35,21,01082600
15,47:142,144,135,0,0,0,0,0,35,20,01083830
15,48:142,144,135,0,0,0,0,0,35,20,01085050
15,49:143,144,135,0,0,0,0,0,35,20,01086275
15,50:142,144,135,0,0,0,0,0,35,20,01087495
15,51:143,144,135,0,0,0,0,0,35,20,01088715
15,52:143,144,135,0,0,0,0,0,35,21,01089935
15,53:143,144,135,0,0,0,0,0,35,20,01091160
15,54:142,144,135,0,0,0,0,0,35,20,01092370
15,55:143,144,135,0,0,0,0,0,35,20,01093590
15,56:142,144,135,0,0,0,0,0,35,20,01094810
15,57:142,144,135,0,0,0,0,0,35,21,01096030
15,58:142,144,135,0,0,0,0,0,35,21,01097255
15,59:142,144,135,0,0,0,0,0,35,20,01098475
16,00:142,144,135,0,0,0,0,0,35,21,01099705
16,01:142,144,135,0,0,0,0,0,35,21,01100945
16,02:142,144,135,0,0,0,0,0,35,21,01102180
16,03:142,144,135,0,0,0,0,0,35,20,01103400
16,04:142,144,135,0,0,0,0,0,35,21,01104640
16,05:142,144,135,0,0,0,0,0,35,20,01105870
16,06:143,144,135,0,0,0,0,0,35,20,01107095
16,07:142,144,135,0,0,0,0,0,35,20,01108310
16,08:142,144,135,0,0,0,0,0,35,21,01109535
16,09:143,144,135,0,0,0,0,0,35,20,01110755
16,10:142,144,135,0,0,0,0,0,35,20,01111980
16,11:142,144,135,0,0,0,0,0,35,20,01113215
16,12:142,144,135,0,0,0,0,0,35,20,01114440
16,13:142,144,135,0,0,0,0,0,35,20,01115665
16,14:143,144,135,0,0,0,0,0,35,20,01116890
16,15:142,144,135,0,0,0,0,0,35,20,01118110
16,16:142,144,135,0,0,0,0,0,35,20,01119340
16,17:142,144,135,0,0,0,0,0,35,20,01120575
16,18:142,144,135,0,0,0,0,0,35,21,01121825
16,19:142,144,135,0,0,0,0,0,35,21,01123055
16,20:142,144,135,0,0,0,0,0,35,21,01124280
16,21:142,144,135,0,0,0,0,0,35,21,01125510
16,22:142,144,135,0,0,0,0,0,35,20,01126735
16,23:142,144,135,0,0,0,0,0,35,20,01127955
16,24:142,144,135,0,0,0,0,0,35,21,01129175
16,25:142,144,135,0,0,0,0,0,35,20,01130405
16,26:142,144,135,0,0,0,0,0,35,20,01131630
16,27:143,144,135,0,0,0,0,0,35,20,01132850
16,28:142,144,135,0,0,0,0,0,35,21,01134080
16,29:142,144,135,0,0,0,0,0,35,20,01135310
16,30:142,144,135,0,0,0,0,0,35,20,01136535
16,31:142,144,135,0,0,0,0,0,35,20,01137765
16,32:142,144,135,0,0,0,0,0,35,21,01139000
16,33:142,144,135,0,0,0,0,0,35,21,01140230
16,34:142,144,135,0,0,0,0,0,35,21,01141465
16,35:142,144,135,0,0,0,0,0,35,20,01142690
16,36:143,144,135,0,0,0,0,0,35,20,01143915
16,37:143,144,135,0,0,0,0,0,35,20,01145140
16,38:143,144,135,0,0,0,0,0,35,20,01146370
16,39:143,144,135,0,0,0,0,0,35,21,01147605
16,40:143,144,135,0,0,0,0,0,35,20,01148830
16,41:142,144,135,0,0,0,0,0,35,21,01150055
16,42:142,144,135,0,0,0,0,0,35,20,01151280
16,43:142,144,135,0,0,0,0,0,35,21,01152510
16,44:142,144,135,0,0,0,0,0,35,21,01153740
16,45:143,144,135,0,0,0,0,0,35,20,01154965
16,46:142,144,135,0,0,0,0,0,35,21,01156200
16,47:143,144,135,0,0,0,0,0,35,21,01157430
16,48:142,144,135,0,0,0,0,0,35,20,01158650
16,49:142,144,135,0,0,0,0,0,35,20,01159865
16,50:142,144,135,0,0,0,0,0,35,21,01161085
16,51:142,144,135,0,0,0,0,0,35,21,01162320
16,52:142,144,135,0,0,0,0,0,35,20,01163545
16,53:142,144,135,0,0,0,0,0,35,20,01164780
16,54:142,144,134,0,0,0,0,0,35,21,01166025
16,55:142,144,133,0,0,0,0,0,35,21,01167280
16,56:175,13,117,0,0,0,0,0,03,00,01167715
16,57:176,13,116,0,0,0,0,0,03,00,01167715
16,58:177,13,116,0,0,0,0,0,03,00,01167715
16,59:177,13,116,0,0,0,0,0,03,00,01167715
17,00:177,12,116,0,0,0,0,0,03,00,01167715
17,01:177,13,117,0,0,0,0,0,03,00,01167715
17,02:177,13,117,0,0,0,0,0,03,00,01167715
17,03:177,13,118,0,0,0,0,0,03,00,01167715
17,04:177,13,118,0,0,0,0,0,03,00,01167715
17,05:177,13,119,0,0,0,0,0,03,00,01167715
17,06:177,13,119,0,0,0,0,0,03,00,01167715
17,07:177,13,120,0,0,0,0,0,03,00,01167715
17,08:177,13,121,0,0,0,0,0,03,00,01167715
17,09:144,144,133,0,0,0,0,0,35,21,01168420
17,10:144,144,136,0,0,0,0,0,35,21,01169680
17,11:143,144,136,0,0,0,0,0,35,20,01170900
17,12:143,143,136,0,0,0,0,0,35,20,01172105
17,13:143,144,136,0,0,0,0,0,35,20,01173320
17,14:143,144,136,0,0,0,0,0,35,20,01174525
17,15:143,144,136,0,0,0,0,0,35,20,01175935
17,16:143,144,136,0,0,0,0,0,35,20,01176940
17,17:143,144,136,0,0,0,0,0,35,20,01178140
17,18:143,144,136,0,0,0,0,0,35,20,01179340
17,19:143,144,136,0,0,0,0,0,35,20,01180540
17,20:143,144,136,0,0,0,0,0,35,20,01181750
17,21:143,144,136,0,0,0,0,0,35,20,01182955
17,22:143,144,136,0,0,0,0,0,35,20,01184160
17,23:143,144,136,0,0,0,0,0,35,20,01185365
17,24:143,144,136,0,0,0,0,0,35,20,01186565
17,25:143,144,136,0,0,0,0,0,35,20,01187775
17,26:143,144,136,0,0,0,0,0,35,20,01188980
17,27:143,144,136,0,0,0,0,0,35,20,01190180
17,28:143,144,136,0,0,0,0,0,35,20,01191385
17,29:143,144,136,0,0,0,0,0,35,21,01192595
17,30:143,144,136,0,0,0,0,0,35,20,01193795
17,31:143,144,136,0,0,0,0,0,35,20,01194995
17,32:142,144,136,0,0,0,0,0,35,20,01196200
17,33:143,144,136,0,0,0,0,0,35,20,01197410
17,34:143,144,136,0,0,0,0,0,35,20,01198610
17,35:143,144,136,0,0,0,0,0,35,20,01199825
17,36:143,144,136,0,0,0,0,0,35,21,01201040
17,37:143,144,136,0,0,0,0,0,35,20,01202245
17,38:143,144,136,0,0,0,0,0,35,20,01203445
17,39:142,144,136,0,0,0,0,0,35,20,01204645
17,40:143,144,136,0,0,0,0,0,35,20,01205845
17,41:143,144,136,0,0,0,0,0,35,20,01207045
17,42:143,144,136,0,0,0,0,0,35,20,01208245
17,43:143,144,136,0,0,0,0,0,35,20,01209450
17,44:143,144,136,0,0,0,0,0,35,20,01210655
17,45:143,144,136,0,0,0,0,0,35,20,01211855
17,46:143,144,136,0,0,0,0,0,35,20,01213055
17,47:143,144,136,0,0,0,0,0,35,20,01214255
17,48:143,144,136,0,0,0,0,0,35,20,01215465
17,49:143,144,136,0,0,0,0,0,35,20,01216670
17,50:143,144,136,0,0,0,0,0,35,20,01217870
17,51:143,144,136,0,0,0,0,0,35,20,01219070
17,52:143,144,136,0,0,0,0,0,35,20,01220270
17,53:143,144,136,0,0,0,0,0,35,20,01221470
17,54:142,144,136,0,0,0,0,0,35,20,01222675
17,55:143,144,136,0,0,0,0,0,35,20,01223875
17,56:142,144,136,0,0,0,0,0,35,20,01225080
17,57:143,144,136,0,0,0,0,0,35,20,01226280
17,58:143,144,136,0,0,0,0,0,35,21,01227485
17,59:142,144,136,0,0,0,0,0,35,20,01228890
18,00:142,144,135,0,0,0,0,0,35,20,01229890
18,01:142,144,134,0,0,0,0,0,35,21,01231125
18,02:174,13,118,0,0,0,0,0,03,00,01231865
18,03:176,13,117,0,0,0,0,0,03,00,01231865
18,04:177,13,116,0,0,0,0,0,03,00,01231865
18,05:177,13,116,0,0,0,0,0,03,00,01231865
18,06:177,13,115,0,0,0,0,0,03,00,01231865
18,07:177,13,115,0,0,0,0,0,03,00,01231865
18,08:177,13,115,0,0,0,0,0,03,00,01231865
18,09:177,13,115,0,0,0,0,0,03,00,01231865
18,10:177,13,115,0,0,0,0,0,03,00,01231865
18,11:177,13,115,0,0,0,0,0,03,00,01231865
18,12:177,13,115,0,0,0,0,0,03,00,01231865
18,13:177,13,115,0,0,0,0,0,03,00,01231865
18,14:177,13,115,0,0,0,0,0,03,00,01231865
18,15:177,13,116,0,0,0,0,0,03,00,01231865
18,16:146,143,133,0,0,0,0,0,35,21,01232255
18,17:143,143,135,0,0,0,0,0,35,21,01233515
18,18:143,143,136,0,0,0,0,0,35,21,01234745
18,19:143,144,136,0,0,0,0,0,35,20,01235955
18,20:143,143,136,0,0,0,0,0,35,20,01237055
18,21:143,143,136,0,0,0,0,0,35,20,01238265
18,22:143,144,136,0,0,0,0,0,35,20,01239565
18,23:143,143,136,0,0,0,0,0,35,20,01240765
18,24:143,144,136,0,0,0,0,0,35,20,01241975
18,25:143,144,136,0,0,0,0,0,35,21,01243185
18,26:143,143,136,0,0,0,0,0,35,20,01244385
18,27:143,143,136,0,0,0,0,0,35,20,01245590
18,28:143,143,136,0,0,0,0,0,35,20,01246795
18,29:143,144,136,0,0,0,0,0,35,20,01248000
18,30:143,143,136,0,0,0,0,0,35,20,01249205
18,31:143,143,136,0,0,0,0,0,35,20,01250410
18,32:143,144,136,0,0,0,0,0,35,20,01251510
18,33:143,143,136,0,0,0,0,0,35,20,01252715
18,34:143,143,136,0,0,0,0,0,35,20,01253915
18,35:143,143,136,0,0,0,0,0,35,20,01255125
18,36:143,143,136,0,0,0,0,0,35,20,01256325
18,37:143,143,136,0,0,0,0,0,35,20,01257525
18,38:143,144,136,0,0,0,0,0,35,20,01258730
18,39:143,143,136,0,0,0,0,0,35,20,01259930
18,40:143,143,136,0,0,0,0,0,35,20,01261130
18,41:143,143,136,0,0,0,0,0,35,20,01262330
18,42:143,144,136,0,0,0,0,0,35,20,01263540
18,43:142,143,136,0,0,0,0,0,35,20,01264850
18,44:143,143,136,0,0,0,0,0,35,20,01266050
18,45:143,143,136,0,0,0,0,0,35,20,01267260
18,46:143,143,136,0,0,0,0,0,35,20,01268360
18,47:142,144,136,0,0,0,0,0,35,20,01269565
18,48:143,144,135,0,0,0,0,0,35,20,01270765
18,49:142,144,136,0,0,0,0,0,35,20,01271975
18,50:143,144,136,0,0,0,0,0,35,20,01273175
18,51:143,144,136,0,0,0,0,0,35,20,01274380
18,52:142,143,136,0,0,0,0,0,35,20,01275590
18,53:143,143,136,0,0,0,0,0,35,20,01276800
18,54:143,144,136,0,0,0,0,0,35,20,01278000
18,55:143,143,136,0,0,0,0,0,35,20,01279205
18,56:143,143,136,0,0,0,0,0,35,20,01280410
18,57:142,144,135,0,0,0,0,0,35,20,01281620
18,58:143,144,136,0,0,0,0,0,35,20,01282825
18,59:143,144,136,0,0,0,0,0,35,20,01284035
19,00:143,143,135,0,0,0,0,0,35,20,01285240
19,01:143,144,136,0,0,0,0,0,35,20,01286445
19,02:143,143,135,0,0,0,0,0,35,20,01287645
19,03:143,143,136,0,0,0,0,0,35,20,01288855
19,04:143,143,135,0,0,0,0,0,35,20,01290060
19,05:142,143,135,0,0,0,0,0,35,20,01291265
19,06:143,144,136,0,0,0,0,0,35,20,01292465
19,07:143,144,135,0,0,0,0,0,35,21,01293675
19,08:143,143,135,0,0,0,0,0,35,20,01294880
19,09:143,143,135,0,0,0,0,0,35,20,01296080
19,10:143,143,136,0,0,0,0,0,35,20,01297285
19,11:143,143,136,0,0,0,0,0,35,20,01298490
19,12:143,144,136,0,0,0,0,0,35,20,01299700
19,13:143,143,135,0,0,0,0,0,35,20,01301005
19,14:143,143,136,0,0,0,0,0,35,20,01302115
19,15:143,143,135,0,0,0,0,0,35,20,01303420
19,16:142,144,135,0,0,0,0,0,35,20,01304625
19,17:143,143,135,0,0,0,0,0,35,21,01305735
19,18:143,143,135,0,0,0,0,0,35,21,01307050
19,19:143,144,135,0,0,0,0,0,35,20,01308155
19,20:143,143,135,0,0,0,0,0,35,20,01309360
19,21:143,144,136,0,0,0,0,0,35,20,01310565
19,22:143,143,136,0,0,0,0,0,35,20,01311770
19,23:143,143,135,0,0,0,0,0,35,20,01312970
19,24:143,143,135,0,0,0,0,0,35,20,01314175
19,25:143,144,136,0,0,0,0,0,35,20,01315375
19,26:142,144,136,0,0,0,0,0,35,20,01316580
19,27:143,144,136,0,0,0,0,0,35,20,01317790
19,28:143,144,135,0,0,0,0,0,35,20,01318990
19,29:142,144,135,0,0,0,0,0,35,20,01320190
19,30:143,143,135,0,0,0,0,0,35,20,01321390
19,31:143,144,135,0,0,0,0,0,35,20,01322590
19,32:143,144,135,0,0,0,0,0,35,21,01323805
19,33:143,144,136,0,0,0,0,0,35,20,01325015
19,34:143,143,136,0,0,0,0,0,35,20,01326220
19,35:142,144,134,0,0,0,0,0,35,21,01327430
19,36:142,143,133,0,0,0,0,0,35,21,01328985
19,37:175,13,118,0,0,0,0,0,03,00,01329170
19,38:177,13,116,0,0,0,0,0,03,00,01329170
19,39:177,13,115,0,0,0,0,0,03,00,01329170
19,40:177,13,114,0,0,0,0,0,03,00,01329170
19,41:177,13,113,0,0,0,0,0,03,00,01329170
19,42:177,13,111,0,0,0,0,0,03,00,01329170
19,43:177,13,110,0,0,0,0,0,03,00,01329170
19,44:177,13,109,0,0,0,0,0,03,00,01329170
19,45:177,13,108,0,0,0,0,0,03,00,01329170
19,46:177,13,107,0,0,0,0,0,03,00,01329170
19,47:177,13,107,0,0,0,0,0,03,00,01329170
19,48:177,13,106,0,0,0,0,0,03,00,01329170
19,49:144,143,134,0,0,0,0,0,35,21,01329875
19,50:144,143,135,0,0,0,0,0,35,21,01331130
19,51:143,143,136,0,0,0,0,0,35,20,01332640
19,52:143,143,136,0,0,0,0,0,35,20,01333545
19,53:144,143,136,0,0,0,0,0,35,20,01334750
19,54:143,143,136,0,0,0,0,0,35,20,01335950
19,55:143,143,136,0,0,0,0,0,35,20,01337150
19,56:143,143,136,0,0,0,0,0,35,20,01338350
19,57:143,143,136,0,0,0,0,0,35,21,01339560
19,58:143,143,136,0,0,0,0,0,35,20,01340765
19,59:143,143,136,0,0,0,0,0,35,20,01341975
20,00:143,143,136,0,0,0,0,0,35,20,01343180
20,01:143,143,136,0,0,0,0,0,35,20,01344380
20,02:143,143,136,0,0,0,0,0,35,20,01345585
20,03:143,143,136,0,0,0,0,0,35,20,01346785
20,04:143,143,136,0,0,0,0,0,35,20,01347985
20,05:143,143,136,0,0,0,0,0,35,20,01349190
20,06:143,143,136,0,0,0,0,0,35,20,01350395
20,07:143,143,136,0,0,0,0,0,35,20,01351600
20,08:143,143,136,0,0,0,0,0,35,20,01352800
20,09:143,143,136,0,0,0,0,0,35,20,01354010
20,10:143,142,136,0,0,0,0,0,35,20,01355215
20,11:143,143,136,0,0,0,0,0,35,20,01356415
20,12:143,143,136,0,0,0,0,0,35,20,01357615
20,13:142,143,136,0,0,0,0,0,35,20,01358815
20,14:143,143,136,0,0,0,0,0,35,21,01360020
20,15:143,143,136,0,0,0,0,0,35,20,01361220
20,16:143,143,136,0,0,0,0,0,35,20,01362420
20,17:143,143,136,0,0,0,0,0,35,20,01363625
20,18:143,143,136,0,0,0,0,0,35,20,01364825
20,19:143,143,136,0,0,0,0,0,35,20,01366030
20,20:143,143,136,0,0,0,0,0,35,20,01367230
20,21:143,143,136,0,0,0,0,0,35,20,01368435
20,22:143,143,136,0,0,0,0,0,35,20,01369645
20,23:143,143,136,0,0,0,0,0,35,20,01370845
20,24:143,143,136,0,0,0,0,0,35,20,01372055
20,25:143,143,136,0,0,0,0,0,35,20,01373255
20,26:143,143,136,0,0,0,0,0,35,20,01374460
20,27:143,143,136,0,0,0,0,0,35,20,01375665
20,28:143,143,136,0,0,0,0,0,35,20,01376875
20,29:143,143,136,0,0,0,0,0,35,20,01378080
20,30:143,143,136,0,0,0,0,0,35,20,01379285
20,31:143,143,136,0,0,0,0,0,35,20,01380485
20,32:143,142,135,0,0,0,0,0,35,21,01381700
20,33:143,143,135,0,0,0,0,0,35,20,01382915
20,34:143,143,135,0,0,0,0,0,35,21,01384135
20,35:143,143,135,0,0,0,0,0,35,21,01385350
20,36:142,143,134,0,0,0,0,0,35,21,01386570
20,37:142,143,134,0,0,0,0,0,35,20,01387790
20,38:142,143,134,0,0,0,0,0,35,20,01389015
20,39:142,143,134,0,0,0,0,0,35,21,01390250
20,40:142,143,134,0,0,0,0,0,35,21,01391490
20,41:142,143,134,0,0,0,0,0,35,21,01392730
20,42:142,143,134,0,0,0,0,0,35,20,01393975
20,43:142,143,133,0,0,0,0,0,35,21,01395230
20,44:143,143,133,0,0,0,0,0,35,21,01396480
20,45:142,143,133,0,0,0,0,0,35,21,01397735
20,46:142,143,133,0,0,0,0,0,35,21,01398995
20,47:142,143,133,0,0,0,0,0,35,21,01400245
20,48:142,143,133,0,0,0,0,0,35,21,01401500
20,49:142,143,132,0,0,0,0,0,35,21,01402760
20,50:142,143,132,0,0,0,0,0,35,21,01404020
20,51:142,143,132,0,0,0,0,0,35,21,01405280
20,52:142,143,132,0,0,0,0,0,35,21,01406540
20,53:142,143,133,0,0,0,0,0,35,21,01407795
20,54:142,143,133,0,0,0,0,0,35,21,01409050
20,55:142,143,133,0,0,0,0,0,35,21,01410305
20,56:142,143,133,0,0,0,0,0,35,21,01411565
20,57:142,143,133,0,0,0,0,0,35,21,01412820
20,58:141,143,133,0,0,0,0,0,35,20,01414075
20,59:141,143,131,0,0,0,0,0,35,21,01415335
21,00:141,143,130,0,0,0,0,0,35,21,01416595
21,01:175,13,114,0,0,0,0,0,03,00,01417115
21,02:177,13,112,0,0,0,0,0,03,00,01417115
21,03:177,13,111,0,0,0,0,0,03,00,01417115
21,04:177,13,110,0,0,0,0,0,03,00,01417115
21,05:177,13,108,0,0,0,0,0,03,00,01417115
21,06:177,13,107,0,0,0,0,0,03,00,01417115
21,07:178,13,106,0,0,0,0,0,03,00,01417115
21,08:177,13,105,0,0,0,0,0,03,00,01417115
21,09:177,13,104,0,0,0,0,0,03,00,01417115
21,10:177,13,103,0,0,0,0,0,03,00,01417115
21,11:178,13,102,0,0,0,0,0,03,00,01417115
21,12:177,13,102,0,0,0,0,0,03,00,01417115
21,13:145,130,134,0,0,0,0,0,35,21,01417745
21,14:143,130,135,0,0,0,0,0,35,20,01418990
21,15:143,130,135,0,0,0,0,0,35,20,01420200
21,16:143,130,136,0,0,0,0,0,35,20,01421410
21,17:144,130,135,0,0,0,0,0,35,20,01422615
21,18:143,130,135,0,0,0,0,0,35,20,01423815
21,19:143,130,136,0,0,0,0,0,35,20,01425020
21,20:143,130,135,0,0,0,0,0,35,20,01426425
21,21:143,130,135,0,0,0,0,0,35,21,01427440
21,22:143,130,135,0,0,0,0,0,35,20,01428645
21,23:143,130,135,0,0,0,0,0,35,20,01429855
21,24:143,130,136,0,0,0,0,0,35,20,01431055
21,25:143,130,135,0,0,0,0,0,35,20,01432255
21,26:143,130,135,0,0,0,0,0,35,20,01433460
21,27:143,130,135,0,0,0,0,0,35,20,01434665
21,28:143,130,136,0,0,0,0,0,35,20,01435870
21,29:143,130,136,0,0,0,0,0,35,20,01437070
21,30:143,130,135,0,0,0,0,0,35,20,01438270
21,31:143,130,135,0,0,0,0,0,35,20,01439475
21,32:143,130,136,0,0,0,0,0,35,21,01440685
21,33:143,130,135,0,0,0,0,0,35,20,01442090
21,34:143,130,135,0,0,0,0,0,35,20,01443100
21,35:143,130,135,0,0,0,0,0,35,20,01444310
21,36:143,130,135,0,0,0,0,0,35,20,01445515
21,37:143,130,135,0,0,0,0,0,35,20,01446730
21,38:143,130,135,0,0,0,0,0,35,20,01447940
21,39:143,130,135,0,0,0,0,0,35,20,01449145
21,40:143,130,135,0,0,0,0,0,35,20,01450350
21,41:143,130,135,0,0,0,0,0,35,20,01451560
21,42:143,130,135,0,0,0,0,0,35,20,01452775
21,43:143,130,135,0,0,0,0,0,35,20,01453985
21,44:143,130,136,0,0,0,0,0,35,20,01455190
21,45:143,130,135,0,0,0,0,0,35,20,01456400
21,46:142,130,135,0,0,0,0,0,35,20,0400
21,47:143,130,135,0,0,0,0,0,35,20,1600
21,48:143,130,135,0,0,0,0,0,35,20,2800
21,49:143,130,135,0,0,0,0,0,35,20,4005
21,50:143,130,135,0,0,0,0,0,35,20,5405
21,51:143,130,135,0,0,0,0,0,35,20,6415
21,52:143,130,135,0,0,0,0,0,35,20,7625
21,53:142,130,135,0,0,0,0,0,35,20,8830
21,54:143,130,135,0,0,0,0,0,35,20,010035
21,55:143,130,135,0,0,0,0,0,35,20,011235
21,56:143,130,135,0,0,0,0,0,35,20,012440
21,57:143,130,135,0,0,0,0,0,35,20,013645
21,58:143,130,135,0,0,0,0,0,35,20,014850
21,59:143,130,135,0,0,0,0,0,35,20,016060
22,00:143,130,135,0,0,0,0,0,35,20,017275
22,01:143,130,135,0,0,0,0,0,35,20,018490
22,02:143,130,135,0,0,0,0,0,35,20,019700
22,03:143,130,135,0,0,0,0,0,35,20,020905
22,04:143,130,135,0,0,0,0,0,35,20,022115
22,05:143,130,135,0,0,0,0,0,35,20,023320
22,06:143,130,135,0,0,0,0,0,35,20,024525
22,07:143,130,135,0,0,0,0,0,35,20,025735
22,08:143,130,135,0,0,0,0,0,35,21,026950
22,09:143,130,135,0,0,0,0,0,35,20,028155
22,10:143,130,135,0,0,0,0,0,35,21,029375
22,11:143,130,135,0,0,0,0,0,35,20,030590
22,12:143,130,135,0,0,0,0,0,35,21,031800
22,13:143,130,135,0,0,0,0,0,35,20,033005
22,14:143,130,135,0,0,0,0,0,35,20,034215
22,15:143,130,135,0,0,0,0,0,35,20,035415
22,16:143,130,135,0,0,0,0,0,35,20,036620
22,17:143,130,135,0,0,0,0,0,35,20,037820
22,18:143,130,135,0,0,0,0,0,35,20,039035
22,19:143,130,135,0,0,0,0,0,35,20,040240
22,20:143,130,135,0,0,0,0,0,35,21,041460
22,21:143,130,135,0,0,0,0,0,35,20,042670
22,22:142,130,135,0,0,0,0,0,35,20,043870
22,23:142,130,135,0,0,0,0,0,35,20,045075
22,24:143,130,135,0,0,0,0,0,35,21,046485
22,25:143,130,135,0,0,0,0,0,35,20,047490
22,26:143,130,135,0,0,0,0,0,35,20,048700
22,27:143,130,135,0,0,0,0,0,35,20,049915
22,28:142,130,135,0,0,0,0,0,35,20,051140
22,29:142,130,135,0,0,0,0,0,35,20,052350
22,30:143,130,135,0,0,0,0,0,35,20,053560
22,31:143,130,135,0,0,0,0,0,35,20,054775
22,32:142,130,135,0,0,0,0,0,35,20,055985
22,33:143,130,135,0,0,0,0,0,35,20,057200
22,34:143,130,135,0,0,0,0,0,35,20,058605
22,35:143,130,135,0,0,0,0,0,35,21,059615
22,36:143,130,135,0,0,0,0,0,35,20,060820
22,37:143,130,135,0,0,0,0,0,35,20,062035
22,38:143,130,135,0,0,0,0,0,35,20,063245
22,39:143,130,135,0,0,0,0,0,35,20,064450
22,40:143,130,135,0,0,0,0,0,35,20,065660
22,41:143,130,135,0,0,0,0,0,35,20,066870
22,42:143,130,135,0,0,0,0,0,35,20,068080
22,43:143,130,135,0,0,0,0,0,35,20,069500
22,44:143,130,135,0,0,0,0,0,35,20,070505
22,45:143,130,135,0,0,0,0,0,35,20,071710
22,46:143,130,135,0,0,0,0,0,35,21,072925
22,47:143,130,135,0,0,0,0,0,35,21,074145
22,48:143,130,135,0,0,0,0,0,35,20,075555
22,49:143,130,135,0,0,0,0,0,35,20,076765
22,50:143,130,135,0,0,0,0,0,35,20,077780
22,51:142,130,135,0,0,0,0,0,35,20,078990
22,52:143,130,135,0,0,0,0,0,35,20,080205
22,53:143,130,134,0,0,0,0,0,35,20,081415
22,54:143,130,135,0,0,0,0,0,35,20,082630
22,55:143,130,134,0,0,0,0,0,35,20,083840
22,56:143,130,135,0,0,0,0,0,35,20,085060
22,57:143,130,135,0,0,0,0,0,35,20,086275
22,58:143,130,135,0,0,0,0,0,35,21,087495
22,59:143,130,135,0,0,0,0,0,35,20,088710
23,00:143,130,135,0,0,0,0,0,35,21,089920
23,01:142,130,135,0,0,0,0,0,35,20,091140
23,02:143,130,135,0,0,0,0,0,35,20,092345
23,03:143,130,135,0,0,0,0,0,35,20,093560
23,04:143,130,135,0,0,0,0,0,35,20,094785
23,05:143,130,135,0,0,0,0,0,35,21,096005
23,06:142,130,135,0,0,0,0,0,35,21,097225
23,07:143,130,134,0,0,0,0,0,35,20,098440
23,08:142,130,135,0,0,0,0,0,35,20,099850
23,09:142,130,135,0,0,0,0,0,35,20,100860
23,10:142,130,134,0,0,0,0,0,35,20,102070
23,11:143,130,134,0,0,0,0,0,35,20,103285
23,12:143,130,135,0,0,0,0,0,35,20,104500
23,13:142,130,135,0,0,0,0,0,35,20,105715
23,14:143,130,134,0,0,0,0,0,35,20,106925
23,15:142,130,133,0,0,0,0,0,35,21,108155
23,16:142,130,132,0,0,0,0,0,35,21,109415
23,17:176,13,113,0,0,0,0,0,03,00,109780
23,18:177,13,112,0,0,0,0,0,03,00,109780
23,19:177,13,110,0,0,0,0,0,03,00,109780
23,20:142,141,129,0,0,0,0,0,35,21,110635
23,21:176,13,112,0,0,0,0,0,03,00,111145
23,22:177,13,111,0,0,0,0,0,03,00,111145
23,23:177,13,109,0,0,0,0,0,03,00,111145
23,24:177,13,108,0,0,0,0,0,03,00,111145
23,25:178,13,107,0,0,0,0,0,03,00,111145
23,26:178,13,106,0,0,0,0,0,03,00,111145
23,27:178,13,105,0,0,0,0,0,03,00,111145
23,28:178,13,104,0,0,0,0,0,03,00,111145
23,29:178,13,103,0,0,0,0,0,03,00,111145
23,30:178,13,102,0,0,0,0,0,03,00,111145
23,31:178,13,101,0,0,0,0,0,03,00,111145
23,32:144,139,132,0,0,0,0,0,35,21,111940
23,33:143,139,134,0,0,0,0,0,35,21,113200
23,34:143,139,134,0,0,0,0,0,35,21,114445
23,35:143,139,134,0,0,0,0,0,35,20,115680
23,36:142,139,133,0,0,0,0,0,35,21,116925
23,37:143,139,133,0,0,0,0,0,35,21,118175
23,38:142,139,134,0,0,0,0,0,35,21,119430
23,39:142,139,134,0,0,0,0,0,35,21,120660
23,40:143,139,134,0,0,0,0,0,35,21,121890
23,41:143,139,134,0,0,0,0,0,35,21,123130
23,42:143,139,134,0,0,0,0,0,35,20,124370
23,43:143,139,134,0,0,0,0,0,35,20,125610
23,44:143,139,134,0,0,0,0,0,35,20,126845
23,45:143,139,134,0,0,0,0,0,35,20,128070
23,46:143,139,134,0,0,0,0,0,35,21,129305
23,47:143,139,134,0,0,0,0,0,35,21,130545
23,48:143,139,134,0,0,0,0,0,35,20,131775
23,49:143,139,134,0,0,0,0,0,35,21,133005
23,50:143,139,134,0,0,0,0,0,35,20,134235
23,51:143,139,134,0,0,0,0,0,35,21,135480
23,52:143,139,134,0,0,0,0,0,35,20,136710
23,53:142,139,134,0,0,0,0,0,35,20,137940
23,54:143,139,134,0,0,0,0,0,35,20,139175
